69
69
69
69
69
69
69
69
69
69
69
69
69
69
69
69
69
69
69
69
69
69
69
69
69
69
69
69
69
69
69
69
69
69
69
69
69
69
69
69
69
69
69
69
69
69
69
69
69
69
69
69
69
69
69
69
69
69
69
69
69
69
69
69
69
69
69
69
69
69
69
69
69
69
69
69
69
69
69
69
69
69
69
69
69
69
69
69
69
69
69
69
69
69
69
69
69
69
69
69
69
69
69
69
69
69
69
69
69
69
69
69
69
69
69
69
69
69
69
69
69
69
69
69
69
69
69
69
69
69
69
69
69
69
69
69
69
69
69
69
69
69
69
69
69
69
69
69
69
69
69
69
69
69
69
69
69
69
69
69
69
69
69
69
69
69
69
69
69
69
69
69
69
69
69
69
69
69
69
69
69
69
69
69
69
69
69
69
69
69
69
69
69
69
69
69
69
69
69
69
69
69
69
69
69
69
69
69
69
69
69
69
69
69
69
69
69
69
69
69
69
69
69
69
69
69
69
69
69
69
69
69
69
69
69
69
69
69
69
69
69
69
69
69
69
69
69
69
69
69
69
69
69
69
69
69
69
69
69
69
69
69
69
69
69
69
69
69
69
69
69
69
69
69
69
69
69
69
69
69
69
69
69
69
69
69
69
69
69
69
69
69
69
69
69
69
69
69
69
69
69
69
69
69
69
69
69
69
69
69
69
69
69
69
69
69
69
69
69
69
69
69
69
69
69
69
69
69
69
69
69
69
69
69
69
69
69
69
69
69
69
69
69
69
69
69
69
69
69
69
69
69
69
69
69
69
69
69
69
69
69
69
69
69
69
69
69
69
69
69
69
69
69
69
69
69
69
69
500
500
69
500
349.99
490
495
400
350
277
399
450
500
490
500
699
477
450
500
380
380
475
490
500
388
350
320
399
389
450
350
420
450
400
400
485
380
349
340
380
369
489
380
378
375
470
460
330
350
348
680
400
400
399
339
340
340
300
340
370
345
350
375
380
330
340
398
340
399
400
330
349
480
500
599
399
388
300
394
350
350
988
390
555
369
390
351
300
300
386
400
499
350
250
399
450
349
340
350
325
310
350
350
349
345
349
349
335
340
340
340
320
350
350
339
348
450
374
380
400
350
380
310
409
400
400
380
399
409
400
380
400
400
369
400
390
350
350
380
350
350
380
369
399
386
420
320
1100
190
300
339
265
350
333
350
400
380
312
420
411
399
350
300
339
399
450
400
320
405
350
400
299
400
450
350
380
400
345
369
339
339
339
339
380
399
350
459
320
340
400
338
370
451
400
400
360
500
380
480
469
370
480
380
490
480
470
450
400
410
500
500
290
410
400
449
500
500
500
369
551
966.7
395
400
400
69
408
350
360
500
450
449
386
400
369
409
369
450
350
650
429
490
420
350
430
400
450
435
430
450
400
500
404
400
400
441.11
451.11
550
400
500
406
71
71
71
71
71
71
71
71
71
71
71
71
71
71
71
71
71
71
71
71
71
71
71
71
71
71
71
71
71
71
71
71
71
71
71
71
71
71
71
71
71
71
71
71
71
71
71
71
71
71
71
71
71
71
71
71
71
71
71
71
71
71
71
71
71
71
71
71
71
71
71
71
71
71
71
71
71
71
71
71
71
71
71
71
71
71
71
71
71
71
71
71
71
71
71
71
71
71
71
71
71
71
71
71
71
71
71
71
71
71
71
71
71
71
71
71
71
71
71
71
71
71
71
71
71
71
71
71
71
71
71
71
71
71
71
71
71
71
71
71
71
71
71
71
71
71
71
71
71
71
71
71
71
71
71
71
71
71
71
71
71
71
71
71
71
444
444
600
89.9
89.9
89.9
89.9
89.9
89.9
89.9
89.9
89.9
89.9
89.9
89.9
89.9
89.9
89.9
89.9
89.9
89.9
89.9
89.9
89.9
89.9
89.9
89.9
89.9
89.9
89.9
89.9
89.9
89.9
89.9
89.9
89.9
89.9
89.9
89.9
89.9
89.9
89.9
89.9
89.9
89.9
89.9
89.9
89.9
89.9
89.9
89.9
89.9
89.9
89.9
89.9
89.9
89.9
89.9
89.9
89.9
89.9
89.9
89.9
89.9
89.9
89.9
89.9
89.9
89.9
89.9
89.9
89.9
89.9
89.9
89.9
89.9
89.9
89.9
89.9
89.9
89.9
89.9
89.9
89.9
89.9
89.9
89.9
89.9
89.9
89.9
89.9
89.9
89.9
89.9
89.9
89.9
89.9
89.9
89.9
89.9
89.9
89.9
89.9
89.9
89.9
89.9
89.9
89.9
89.9
89.9
89.9
89.9
89.9
89.9
89.9
89.9
89.9
89.9
89.9
89.9
89.9
89.9
89.9
89.9
89.9
89.9
89.9
89.9
89.9
89.9
89.9
89.9
89.9
89.9
89.9
89.9
89.9
89.9
89.9
89.9
89.9
89.9
89.9
89.9
89.9
89.9
89.9
89.9
89.9
89.9
89.9
89.9
89.9
89.9
89.9
89.9
89.9
89.9
89.9
89.9
89.9
89.9
89.9
89.9
89.9
89.9
89.9
89.9
89.9
89.9
89.9
89.9
89.9
89.9
89.9
89.9
89.9
89.9
89.9
89.9
89.9
89.9
89.9
89.9
89.9
89.9
89.9
89.9
89.9
89.9
89.9
89.9
89.9
89.9
89.9
89.9
89.9
89.9
400
89.9
89.9
89.9
89.9
89.9
345
380
450
440
355
400
320
299
400
301
325
330
340
350
89.89
89.89
89.89
89.89
89.89
89.89
89.89
89.89
89.89
89.89
89.89
89.89
89.89
89.89
89.89
89.89
89.89
89.89
89.89
89.89
89.89
89.89
89.89
89.89
89.89
89.89
89.89
89.89
89.89
89.89
89.89
89.89
89.89
89.89
89.89
89.89
89.89
89.89
89.89
89.89
89.89
89.89
89.89
89.89
89.89
89.89
89.89
89.89
89.89
89.89
89.89
89.89
89.89
89.89
89.89
89.89
89.89
89.89
89.89
89.89
89.89
89.89
89.89
89.89
89.89
89.89
89.89
89.89
89.89
89.89
89.89
89.89
89.89
89.89
89.89
89.89
89.89
89.89
89.89
89.89
89.89
89.89
89.89
89.89
89.89
89.89
89.89
89.89
89.89
89.89
89.89
89.89
89.89
89.89
89.89
89.89
89.89
89.89
89.89
89.89
89.89
89.89
89.89
89.89
89.89
89.89
89.89
89.89
89.89
89.89
89.89
89.89
89.89
89.89
89.89
89.89
89.89
89.89
89.89
89.89
89.89
89.89
89.89
89.89
89.89
89.89
89.89
89.89
89.89
89.89
89.89
89.89
89.89
89.89
89.89
89.89
89.89
89.89
89.89
89.89
89.89
89.89
89.89
89.89
89.89
89.89
89.89
89.89
89.89
89.89
89.89
89.89
89.89
89.89
89.89
89.89
89.89
89.89
89.89
89.89
89.89
89.89
89.89
89.89
89.89
89.89
89.89
89.89
89.89
89.89
89.89
89.89
89.89
89.89
89.89
89.89
89.89
89.89
89.89
89.89
89.89
89.89
89.89
89.89
89.89
89.89
89.89
89.89
89.89
89.89
89.89
89.89
89.89
89.89
89.89
89.89
89.89
89.89
89.89
89.89
89.89
89.89
89.89
89.89
89.89
89.89
89.89
89.89
89.89
89.89
89.89
89.89
89.89
89.89
89.89
89.89
89.89
89.89
89.89
89.89
89.89
89.89
89.89
89.89
89.89
89.89
89.89
89.89
89.89
89.89
89.89
89.89
89.89
89.89
89.89
89.89
89.89
89.89
89.89
89.89
89.89
89.89
89.89
89.89
89.89
89.89
89.89
89.89
89.89
89.89
89.89
89.89
89.89
89.89
89.89
89.89
89.89
89.89
89.89
89.89
89.89
89.89
89.89
89.89
89.89
89.89
89.89
89.89
89.89
89.89
89.89
89.89
89.89
89.89
89.89
89.89
89.89
89.89
89.89
89.89
89.89
89.89
89.89
89.89
89.89
89.89
89.89
89.89
89.89
89.89
89.89
89.89
89.89
89.89
89.89
89.89
89.89
89.89
89.89
89.89
89.89
89.89
89.89
89.89
88.88
88.88
89.89
88.88
89.89
89.89
89.89
89.89
89.89
345
89.89
400
300
250
290
350
320
320
345
250
200
200
250
248
280
200
250
350
250
222
288
250
240
290
200
200
280
245
250
310
230
320
260
249
240
319
249
245
240
244
244
250
240
350
299
300
349
240
350
245
360
230
400
240
230
220
240
240
240
250
240
250
209
240
333
299
650
245
230
239
230
239
239
300
210
280
300
300
200
199
200
220
220
220
210
200
200
210
200
220
200
250
200
230
210
195
150
150
170
300
172
150
155
150
300
200
170
200
180
188
189
150
120
169
200
180
165
179
144
230
150
169
190
148
139
169
130
175
149
100
99
135
145
199
200
117
175
119
125
150
100
121
136
220
140
169
140
125
190
148
150
175
229
140
147
143
145
129
150
130
120
135
175
120
120
100
130
110
127
155
149
200
130
145
150
240
200
170
99
153
205
151
150
119
99
97
92
110
200
120
120
121
120
150
130
119
178
149
180
129
130
140
129
130
129
160
150
198
170
175
190
185
149
181
200
300
170
120
179
179
150
199
400
200
150
240
210
219
210
190
130
180
140
99
99
99
99
99
99
99
99
99
99
99
130
99
99
99
99
130
99
99
99
99
99
99
99
99
99
99
99
99
99
99
99
99
99
99
99
99
99
99
99
99
99
99
99
99
99
99
99
99
99
99
99
99
99
99
99
99
99
99
99
99
99
99
99
99
99
99
99
99
99
99
99
99
99
99
99
1000
99
99
99
99
99
99
99
99
99
99
99
99
99
99
99
99
99
99
99
99
99
99
99
99
99
99
99
99
99
99
99
99
99
99
99
99
99
99
99
99
99
99
99
99
99
99
99
99
99
99
99
99
99
99
99
99
99
99
99
99
99
99
99
99
99
99
99
99
99
99
99
99
99
99
99
99
99
99
99
99
99
99
99
99
99
99
99
99
99
99
99
99
99
99
99
99
99
99
99
97.9
99
99
99
99
99
99
99
99
99
99
99
99
99
99
99
99
99
99
99
99
99
99
99
99
99
99
99
99
99
99
99
99
99
99
99
99
99
99
99
99
99
99
99
99
99
99
99
99
99
99
99
99
99
99
99
99
99
99
99
189
99
99
99
99
99
130
99
99
99
99
99
99
99
99
99
99
99
99
99
99
99
99
99
99
99
99
99
99
99
99
99
99
99
99
99
99
99
99
99
99
99
99
99
99
99
99
99
99
99
99
99
99
99
99
99
99
99
99
99
99
99
99
99
99
99
99
99
99
99
99
99
99
99
99
99
99
99
99
99
99
99
99
99
99
99
99
99
99
99
99
99
99
99
99
99
99
97.89
99
99
99
99
99
99
99
99
99
99
99
99
99
99
99
99
98
99
99
99
99
99
99
99
99
99
99
99
99
99
99
99
99
99
99
99
99
99
99
99
107
99
99
99
99
99
99
99
33
99
99
99
99
99
99
99
99
120
99
99
99
99
99
99
99
99
99
99
99
99
99
125
99
99
210
99
99
99
99
99
99
99
99
99
99
99
99
99
99
99
99
99
99
99
99
99
99
200
130
250
500
110
220
189
110
110
98.9
105
110
333
200
200
300
140
240
170
240
300
200
300
199
229
200
200
199
333
290
200
330
199
200
333
220
205
200
230
400
150
230
149
200
220
300
300
200
248
145
250
250
250
250
250
250
250
250
230
230
230
119
119
119
119
119
119
119
119
119
119
119
119
119
119
119
119
119
119
119
119
119
119
119
119
119
220
119
119
119
119
119
119
119
119
119
119
119
200
119
119
119
119
119
119
119
119
119
119
119
119
119
119
119
119
119
119
119
119
119
119
119
119
119
119
119
119
119
119
119
119
119
119
119
119
119
119
119
119
119
119
119
119
119
119
119
150
119
119
119
119
119
119
119
119
119
119
119
119
119
119
119
119
119
119
119
119
119
119
119
119
119
119
119
119
119
119
119
119
119
119
119
119
119
119
119
119
119
119
119
119
119
119
119
119
119
119
119
119
119
119
119
280
119
119
119
119
119
119
119
119
119
119
119
119
119
119
119
119
119
119
119
119
119
119
119
251
119
119
119
119
119
119
119
150
119
119
119
119
119
119
119
119
119
119
119
119
119
119
119
119
119
119
119
119
119
119
119
119
119
119
119
119
119
119
119
119
119
119
119
119
119
119
119
119
119
119
119
119
119
119
119
119
119
119
119
119
119
119
119
119
119
119
119
119
119
119
119
119
119
119
119
119
119
119
119
119
119
119
119
119
119
119
119
119
119
119
119
119
119
119
119
119
119
119
119
119
119
119
119
119
119
119
119
119
119
119
119
119
119
119
119
119
119
119
119
119
119
119
119
119
119
119
119
119
119
119
119
119
119
119
119
119
119
119
119
119
119
119
119
119
119
119
119
119
119
119
119
119
119
119
119
119
119
119
119
119
119
119
119
119
119
119
119
119
119
119
119
119
119
119
119
119
119
119
119
119
119
119
119
119
119
119
119
149
119
119
119
119
119
119
255
119
119
119
119
119
119
119
119
119
118
119
119
119
119
119
119
119
119
119
119
119
119
119
190
119
119
119
119
118
119
119
119
119
119
119
119
119
119
119
119
119
119
119
122
119
119
119
119
122
119
119
122
119
120
120
110
110
110
110
110
118
110
300
118
118
149
290
153
210
250
200
199
150
200
250
152.2
200
250
300
130
222
249
230
232
150
250
210
150
245
250
249
210
249
250
250
250
250
185
188
299
300
300
199
250
250
229
185
248
250
150
250
150
200
190
165
189
199
190
200
200
200
200
200
200
200
200
200
210
210
220
220
200
210
200
150
180
199
189
190
210
200
200
190
170
200
240
230
222
238
240
166
200
177
295
160
190
200
200
200
220
170
190
220
190
180
198
200
145
188
230
250
250
200
250
240
220
170
170
180
185
170
200
190
200
160
290
170
190
300
180
230
180
200
190
129
129
129
129
129
200
129
129
129
129
129
129
129
129
129
129
129
129
129
129
129
129
129
129
129
129
129
129
129
129
129
129
129
129
129
129
129
129
129
129
129
129
129
129
129
129
129
129
129
129
129
129
129
129
129
129
129
129
129
129
129
129
129
129
129
129
129
129
129
129
129
129
129
129
129
129
129
129
129
129
129
129
129
129
129
129
129
129
129
129
129
129
129
129
129
129
129
129
129
129
129
129
129
129
129
129
129
129
129
129
129
129
129
129
129
129
129
129
129
129
129
129
129
129
129
129
129
129
129
129
129
129
129
129
129
129
129
129
129
129
129
129
129
129
129
129
129
129
129
129
129
129
129
129
129
129
129
129
129
129
129
129
129
129
129
129
129
129
129
129
129
129
129
129
129
129
45
129
129
129
129
129
129
129
129
129
129
129
129
129
129
129
129
129
129
129
129
129
129
129
129
129
129
129
129
129
129
129
129
129
129
129
129
129
129
129
129
129
129
129
129
129
129
129
129
129
129
129
129
129
129
129
129
129
129
129
129
129
129
129
129
129
129
129
129
129
129
129
129
129
129
129
129
129
129
129
129
220
129
129
129
129
240
129
129
129
129
129
128
129
129
129
129
129
129
129
129
129
129
129
129
129
129
129
129
129
129
129
129
129
129
129
129
129
129
129
129
129
129
129
129
129
129
129
129
129
129
129
129
129
129
129
129
129
129
129
129
129
129
129
129
129
129
129
129
129
129
129
129
129
129
129
129
129
129
129
129
129
129
129
129
129
129
129
129
129
129
129
129
129
129
129
129
129
129
129
129
129
129
129
129
129
129
129
129
129
129
129
129
129
129
129
129
129
129
129
129
129
129
129
129
129
200
129
129
180
129
199
195
185
190
189
200
200
199
220
195
200
170
175
369
175
175
175
295
185
180
185
185
189
189
188
186.5
187.5
189
180
190
190
190
190
195
300
195
194
200
200
200
174
200
220
218
220
230
240
270
170
250
200
200
199.99
199
199
200
175
200
200
160
160
160
160
190
175
169
170
169
129
179
170
135
250
250
250
250
155
235
230
230
230
230
230
222
160
222
222
220
201
200
210
200
225
160
200
200
200
200
160
200
170
200
170
169
199
169
169
170
173.5
175
175
179
176.5
180
160
168
172
160
149
230
129
177
129
129
198
220
189
192.5
190
160
160
175
175
155
155
155
199
155
229
155
169
179
175
198
199
199
199
200
198
198
197
190
189
185
180
269
220
220
220
220
220
229
220
220
220
220
222
129
190
149
200
170
220
300
210
200
200
200
203
203
200
205
200
210
198
200
200
200
209
200
200
218
240
240
240
240
240
240
240
333
240
245
245
247
229
248
190
197
200
200
190
200
200
200
200
198
198
198
210
215
220
219
351
165
170
200
200
179
220
222
229
230
230
197
238
239
240
200
240
245
210
236
207
220
245
250
215
220
170
234
277
230
299
240
235
244
220
210
230
232
210
350
230
220
255
219
249
230
250
216
244
217
215
229
226
230
220
220
230
200
239
227
220
210
220
226
225
230
149
149
149
149
149
149
149
149
149
149
149
149
149
149
149
149
149
149
149
149
149
149
149
149
149
149
149
149
149
149
149
149
149
149
149
149
149
149
149
149
149
149
149
149
149
149
149
149
149
149
149
149
149
149
149
149
149
149
149
149
149
149
149
149
149
149
149
149
149
149
149
149
149
149
149
149
149
149
149
149
149
149
149
149
149
149
149
149
149
149
149
149
149
149
149
149
149
149
149
149
149
149
149
149
149
149
149
149
149
149
149
149
149
149
149
149
149
149
149
149
149
149
149
149
149
149
149
149
149
149
149
149
149
149
149
149
149
149
149
149
149
149
149
149
149
149
149
149
149
149
149
149
149
149
149
149
149
149
149
149
149
149
149
149
149
149
149
149
149
149
149
149
149
149
149
149
149
149
149
149
149
149
149
149
149
149
149
149
149
149
149
149
149
149
149
149
149
149
149
149
149
149
149
149
149
149
149
149
149
149
149
149
149
149
149
149
149
149
149
149
149
149
149
149
149
149
149
149
149
149
149
149
149
149
149
149
149
149
149
149
149
149
149
149
149
149
149
149
149
149
149
149
149
149
149
240
149
149
149
149
149
149
149
149
149
149
149
149
149
149
149
149
149
149
149
149
149
149
149
149
149
149
149
149
149
149
149
149
149
149
149
149
149
149
149
149
149
149
149
149
149
149
149
149
149
149
149
149
149
149
149
149
149
149
149
149
149
149
149
149
149
149
149
149
149
149
149
149
149
149
149
149
149
149
149
149
149
149
149
149
149
149
149
149
149
219
149
149
149
149
149
149
230
149
149
149
159
159
159
159
159
159
159
159
159
159
159
159
159
159
159
159
159
159
159
159
159
159
159
159
159
159
159
159
159
159
159
159
159
159
159
159
159
159
159
159
159
159
159
159
159
159
159
159
159
159
159
159
159
159
159
159
159
159
159
159
159
159
159
159
159
159
159
159
159
159
159
159
159
159
159
159
159
159
159
159
159
159
159
159
159
159
159
159
159
159
159
159
159
159
159
159
159
159
159
159
159
159
159
159
159
159
159
159
159
159
159
159
159
159
159
159
159
159
159
159
159
159
159
159
159
159
159
159
159
159
159
159
159
159
159
159
159
159
159
159
159
159
159
159
159
159
159
159
159
159
159
159
159
159
159
159
159
159
159
159
159
159
159
159
159
159
159
159
159
159
159
159
159
159
159
159
159
159
159
159
159
159
159
159
159
159
159
159
159
159
159
159
159
159
159
159
159
159
159
158
159
159
203
159
159
159
159
159
149
149
149
149
159
158.9
159
149
159
155
148.9
159
159
159
159
154
159
154
159
159
159
250
159
148
159
220
159
159
159
159
159
159
159
159
159
159
159
159
159
159
159
159
159
159
159
159
159
159
159
159
159
159
159
159
159
159
158
159
158
159
155
159
159
154
155
158
156
157
159
158
159
159
159
159
159
159
159
159
159
159
159
159
159
159
159
159
157
159
159
159
159
159
159
159
159
159
159
159
159
159
159
159
159
159
159
159
159
159
159
159
159
159
159
159
159
159
159
159
159
159
159
159
159
159
159
159
159
159
159
159
159
159
159
159
159
159
159
159
159
159
159
159
159
159
159
159
159
159
159
159
159
159
159
159
159
159
159
159
159
159
159
159
159
159
159
169
159
169
159
159
159
169
169
169
159
158
159
159
169
159
169
159
159
159
159
159
159
159
159
169
169
169
169
169
169
169
169
169
169
159
159
159
159
159
159
159
169
169
169
169
169
169
169
169
169
169
169
169
169
159
159
159
159
159
159
159
159
159
169
169
169
169
169
159
169
169
169
169
169
159
159
169
169
169
169
169
169
169
169
169
155
169
169
168.5
169
169
169
169
169
169
169
169
169
169
169
169
169
169
169
169
169
169
169
169
169
169
169
168.5
168
169
169
169
169
169
169
169
169
169
169
169
169
169
169
169
169
169
169
169
169
169
169
169
169
169
169
169
169
169
169
169
169
169
169
169
169
169
169
169
169
169
169
168.5
169
169
169
169
169
169
169
169
169
169
169
169
169
169
169
169
160
168
168
168
168
168
169
168.9
169
169
169
169
169
168.9
169
169
180
169
169
169
169
159
169
159
169
169
169
158
158
168.8
168
159
159
169
159
168
159
155
168
169
159
159
159
169
169
169
169
157.9
157.9
159
167
159
158
290
169
169
169
159
159
169
159
159
150
168
168
169
169
169
169
169
169
169
169
169
169
169
169
169
159
169
169
169
169
169
169
169
169
169
165
169
169
169
169
169
169
169
169
169
169
169
169
169
169
169
169
169
169
169
169
169
169
169
169
169
169
169
169
169
169
169
169
169
169
169
169
169
169
169
169
169
169
169
169
169
169
169
169
169
169
149
149
149
149
149
150
150
148
149
150
150
150
150
149
169
155
150
149
149
153
169
249
250
148
148
149
147.9
145
140
140
145
135
149
169
134
169
169
165
135
169
140
149
167
148
135
169
169
145
120
159
120
165
134
144
145
149
147
150
149
169
150
150
169
152
155
152
147.9
150
169
149
148
169
169
150
154
150
152
169
151
169
155
169
152.25
154
155
155
169
143
169
219
143
154
153
168
160
169
169
169
169
169
153
169
169
169
169
169
169
169
169
175
169
169
169
175
172
170
180
200
188
155
160
169
169
155
155
155
155
169
160
169
169
175
169
159
160
153
154
155
155
183
155
158
169
169
169
169
169
169
169
160
162.5
169
160
160
167
169
169
169
169
169
300
169
165
169
165
172
169
169
300
169
165
165
169
165
165
169
165
169
169
169
165
169
164
165
165
165
165
168
168
169
169
169
169
169
169
169
169
169
169
169
169
169
169
169
169
169
169
169
169
169
169
169
169
169
169
169
169
169
169
169
169
169
175
169
169
169
190
169
169
169
169
169
169
169
169
169
169
169
180
165
169
158
169
169
169
169
167
169
169
169
169
169
169
169
169
285
167
169
167
169
172
169
169
168
250
167
167
169
180
175
169
169
169
169
175
199
250
320
169
169
169
180
169
169
169
169
169
169
169
175
169
167
169
169
169
169
172
169
169
169
175
169
169
170
169
169
169
169
169
169
169
169
169
169
169
169
169
169
169
169
169
169
169
169
169
169
175
172
210
219
172
172
180
180
175
180
183
183
172
175
175
180
180
175
175
180
175
180
183
183
172
180
180
180
175
183
172
172
172
180
180
180
175
175
180
190
180
180
180
180
175
175
183
183
183
180
198
200
220
190
219
220
230
221
200
220
220
230
200
200
200
200
269
210
210
200
200
200
210
210
219
220
219
219
220
250
219
220
220
220
220
220
220
240
249
249
225
230
230
220
225
229
229
230
230
230
254
230
230
300
229
248
247
240
239
280
230
300
240
230
240
248
229
249
230
250
230
230
240
250
250
229
250
249
249
240
245
247
250
249
248
240
230
234
249
249
246
250
248
230
247
245
249
249
249
249
240
249
247
240
355
360
250
250
250
299
260
254
333
250
300
400
300
250
399
200
200
200
200
200
200
200
200
200
200
200
200
200
200
200
200
200
200
200
200
200
200
200
200
200
200
200
200
200
200
200
200
200
200
200
200
200
200
200
200
200
200
200
200
200
200
200
200
200
200
200
200
200
200
200
200
200
200
200
200
200
200
200
200
200
200
200
200
200
200
200
200
200
200
200
199
200
200
200
200
200
200
200
200
200
200
200
199
200
200
200
190
200
192
199
200
300
200
195
196.69
199
199
199
300
199
199
199
250
200
200
200
200
200
200
200
200
200
200
200
200
200
200
200
350
195
199
200
200
200
200
200
200
200
200
200
200
295
200
200
200
200
200
200
200
389
200
200
200
200
200
200
200
200
300
200
200
200
200
200
200
200
200
200
199
199
200
200
200
200
200
200
200
200
200
200
200
200
200
200
200
400
199
199
199
199
199
199
199
199
199
199
199
199
199
199
199
199
199
199
199
199
199
199
199
199
199
199
199
199
199
199
199
199
199
199
199
199
199
199
199
199
199
199
199
199
199
199
199
199
199
199
199
199
199
199
199
199
199
199
199
199
198
199
199
199
199
199
199
199
199
199
199
199
199
199
198
198
199
199
199
199
199
300
199
199
199
199
199
199
199
199
198
197
197
199
300
199
300
350
300
199
300
199
199
199
199
199
300
194
199
198
300
195
195
199
199
195
199
199
198
194
192
199
200
199
199
199
180
180
180
169
180
189.8
195
195
195
195
195
195
195
175
184
190
190
193
195
195
195
195
195
199
198
197
172
199
199
198
199
199
199
199
199
199
198
198
198
198
195
199
197
199
199
199
196
199
198
198
198
198
199
198
199
199
199
176
199
198
198
198
198
198
199
199
199
199
198
198
199
199
199
199
300
199
199
197.8
199
198
199
199
199
200
200
200
200
200
200
199
200
200
199
200
200
200
200
200
200
200
200
200
200
232
198
199
197
198
198
198
198
199
199
199
199
195
198
199
199
198
198
199
199
199
199
199
199
200
199
199
199
199
199
199
199
199
199
199
199
199
199
199
199
199
199
199
199
199
199
180
199
199
199
200
200
194
194
194
190
195
195
199
199
199
199
199
199
199
199
199
199
199
199
199
199
199
199
200
200
195
195
199
199
350
300
199
185
199
199
289
198.9
199
199
199
199
199
199
199
200
200
200
200
193
350
199
190
190
190
195
300
195
195
195
195
198.5
198
200
199
292
292
199
300
199
195
195
199
199
199
199
199
199
199
200
199
199
199
199
200
199
199
199
180
292
160
169
168
160
200
169
170
183
199
400
184
180
185
184
400
210
186
185
250
190
189
189.5
185
193
200
199
199
199
199
185
201
199
190
185
184.9
185
198
175
175
175
174
200
172
172
170
175
175
210
200
279
330
199
190
330
181
190
300
180
180
181
181
181
183
188
193
198
199
200
200
198
350
185
189
199
190
194
188
199
180
200
182
187
188
189
189
189
190
190
190
195
195
198.5
199
199
194
195
320
200
195
200
199
199
198
199
199
199
199
199
199
199
199
198.4
199
198
199
199
199
199
199
199
199
199
300
200
200
199
199
200
200
200
200
199
197
275
197
199
250
199
289
291
300
300
300
300
199
199
199
444
300
300
195
340
400
199
499.11
195
197
199
198.7
198.9
198.9
419
199
199
200
200
200
198
200
196
198
196.9
197
199
199
199
200
200
185
192
193
183
189
199
192.9
196
199
194
194
193
196
195
195
195
193
197
198
198.6
198.8
199
199
199
199
199
199
199
199
199
199
199
199
199
199
199
200
199
199
199
198
199
300
200
197
196
199
200
249
243
196
300
195
195
250
197
197
197
199
199
199
369
450
199
211
250
199
199
199
199
289
197
200
192
195
199
199
200
350
197.9
199
199
198
300
198
370
195
198
194.8
189
220
189
199
193
269
194
198
194
199
350
520
190
199
189
191
190
199
187
187
189
193
192
195
199
199
550
198.9
192.5
192
193
195
199
192
193
193.5
194
194
194
194.5
195
198
196
194
199
199
194
194.5
197
199
199
280
199
199
199
270
269
308
300
308
190
195
199
190
193.5
193.5
193.5
193.5
195
198.9
199
199
308
199
250
199
200
250
199
199
190
190
499
305
190
193.5
190
190
194.5
199
198
199
190
193.5
194.5
190
190
251
190
195
195
195
198
195
199
199
195
195
199
196
196
280
199
199
190
190
197
450
189
195
189
190
190
194
193.9
190
194
197
196
196
195
198
199
197
199
196.5
196.5
196.3
195
999
199
199
196
195.9
196
196.8
196.5
196.5
198
198.5
195.5
650
450
197
199
196.4
199
199
199
199
199
199
200
199.99
200
200
200
200
200
200
200
211.11
199
199
193.99
199
195
1300
249
193
193
194
194.9
195
196
196.4
196.8
196.8
198
198
198
199
200
200
200
199.99
200
198
196.8
198
198
198
199
199
199
199
199
199
199
199
199
200
199
199
199
199
199
199
199
199
199
199
199
199
199
199
199
199
199
199
199
199
199
199
199
198.5
199
199
199
199
199
199
199
199
199
199
199
199
199
199
199
199
199
199
199
199
199
199
199
199
200
200
200
200
200
250
300
300
350
200
199
199
199
199
199
199
199
199
199.99
320
199
199
199
199
199
199
199
199
199
200
233
199
319
199
200
200
200
200
200
200
200
200
200
200
199.99
199.99
199.99
199.99
199.99
199.99
199.99
199.99
199
199
199
199
199
200
280
200
200
200
200
200
200
200
200
205
200
200
199.5
200
200
200
200
200
200
200
200
200
200
200
200
200
200
200
200
200
200
200
200
200
200
200
200
200
200
200
200
200
200
200
200
200
200
200
200
288
200
200
200
200
200
200
200
200
200
200
200
200
200
200
200
200
200
200
200
200
200
250
200
200
200
200
200
200
200
200
200
200
240
200
200
200
200
200
200
200
200
200
200
200
200
200
200
200
200
200
200
200
200
200
200
200
200
200
200
200
200
200
200
199
200
200
200
200
200
200
199
200
200
200
200
200
200
200
200
200
200
250
200
200
200
200
200
200
200
200
200
200
200
200
200
200
200
200
200
200
200
200
200
200
200
200
200
200
200
200
200
200
200
200
200
200
200
200
200
200
200
200
200
200
200
200
200
200
200
200
200
200
200
200
220
238
240
243
249
249
249
249
250
289
249
245
249
250
260
260
265
249
244
270
245
249
250
269
265
250
259
265
269
280
282
287
288
288
288
288
288
288
290
290
290
290
299
299
299
299
299
299
299
299
299.99
300
300
300
300
300
300
320
320
320
320
320
300
385
300
300
299
300
300
300
300
300
300
300
300
300
300
300
300
300
300
540
299
293
295
295
295
320
290
287
287
285
315
350
666
600
279
280
286
888
287
289
289
290
290
290
290
290
290
295
299
299.9
300
300
300
300
300
301
305
309
310
315
315
315
315
315
319
319
319
320
750
348
315
310
315
315
999
340
385
310
69
305
69
69
69
69
69
69
69
69
69
69
69
69
69
69
69
69
69
69
69
69
69
69
69
299
299
79
79
79
79
79
79
79
79
79
79
79
79
79
79
79
299
79
79
79
79
79
300
69
69
69
69
69
295
69
69
69
69
69
69
69
69
295
69
69
299
89
89
89
298
89
89
89
89
89
89
89
89
89
89
89
89
89
89
89
89
89
89
89
89
299
89
89
89
89
89
89
89
89
89
89
89
89
299
89
89
89
89
89
295
99
99
99
99
99
99
99
99
99
99
99
99
99
99
99
99
99
99
99
99
300
320
265
400
264
272
272
359
245
245
225
245
666
243
238
230
225
225
238
225
240
225
119
119
119
119
119
219
219
225
219
225
199
199
199
199
199
199
199
199
199
199
199
199
199
199
199
199
199
199
199
199
199
199
199
199
199
199
199
199
199
199
199
199
199
199
199
199
199
199
199
199
199
199
199
199
199
219
224
215
218
199
199
227
229
218
227
139
139
139
139
139
139
139
139
139
139
139
139
139
139
139
139
139
139
139
139
139
139
139
139
139
139
139
139
139
139
139
139
139
229
229
139
139
139
139
139
139
139
230
233
274
300
233
169
169
169
169
169
169
169
169
169
169
169
169
169
169
169
169
169
169
169
169
169
169
169
169
169
169
169
169
169
169
169
169
169
169
169
169
169
169
169
169
199
199
199
210
275
210
199
206
210
199
199
218
199
199
199
199
199
199
199
199
199
199
199
199
199
199
199
199
199
199
199
199
199
199
199
199
199
199
220
210
189
199
210
199
199
210
209
198
199
198
199
199
199
195
199
199
199
199
199
199
198
210
205
204
69
69
69
69
69
205
210
206
210
205
298
208
218
209
199
345
210
220
230
230
189
189
189
189
189
189
189
189
189
189
189
189
189
189
189
189
189
189
189
189
189
189
189
189
189
189
189
189
189
189
189
189
189
189
189
189
189
189
189
189
189
189
189
189
189
189
189
189
189
189
189
189
189
189
189
189
189
189
189
189
189
189
189
189
189
189
189
189
189
189
189
189
189
189
189
189
189
189
189
189
189
189
189
189
189
189
189
189
189
189
189
189
189
189
189
189
189
189
189
189
189
189
189
189
189
189
189
189
189
189
189
189
189
189
189
189
189
189
189
189
189
189
189
189
189
189
189
189
189
189
189
189
189
189
189
189
189
189
189
189
189
189
189
189
189
189
189
188
189
189
189
189
189
189
189
189
189
189
189
189
189
189
189
189
189
186
189
189
189
500
189
500
189
189
699
189
189
180
189
189
189
189
189
189
179
184
188.8
189
189
189
189
189
189
189
189
189
189
189
189
189
189
189
189
189
189
189
189
189
189
189
189
189
189
189
189
189
189
189
280
189
79
230
79
189
189
189
189
189
189
189
189
189
189
189
189
189
189
189
189
189
298
189
189
189
189
189
189
189
189
189
189
189
189
189
189
189
189
189
189
189
189
189
189
189
220
311.11
347
189
189
189
210
189
350
189
189
189
189
189
260
189
189
189
189
189
189
350
189
189
189
189
189
340
189
189
189
189
189
189
189
189
189
189
189
189
350
189
189
599
189
188
189
189
189
189
189
240
189
444
240
266
240
189
189
189
189
189
189
189
189
189
189
189
189
189
189
189
189
189
189
189
189
189
189
189
189
189
189
189
179
179
179
179
179
179
179
900
179
179
189
189
189
189
189
189
189
189
189
189
189
189
189
189
189
189
189
189
189
189
189
189
69
189
179
179
188
189
189
189
189
185
189
189
189
276
179
179
179
189
209
189
189
179
189
179
189
210
189
189
189
189
189
189
189
189
189
199
169
169
188.9
169
189
169
189
188
189
189
189
189
189
189
240
189
209
208
189
189
189
189
189
189
189
189
207.8
190
189
189
189
189
189
189
189
189
189
189
189
189
189
189
189
189
189
189
189
189
189
189
189
189
189
189
189
189
189
189
189
189
189
189
189
189
189
189
189
189
189
189
189
189
189
189
189
189
209
269
209
199
209
199
199
189
189
189
189
189
189
189
189
179
179
179
179
179
179
179
179
179
179
189
179
179
179
179
179
179
188
179
179
179
189
179
179
179
179
179
189
179
189
189
179
179
179
179
179
179
179
179
179
179
179
179
179
179
179
179
179
179
179
99
263
178
178
189
189
189
189
189
189
179
189
179
179
188
179
179
230
199
179
178
170
178
179
179
179
179
178.5
179
179
179
189
179
179
179
179
179
179
179
179
189
188.8
188.9
179
179
179
179
189
189
189
239
189
189
189
189
189
189
199
189
189
189
189
189
199
199
199
199
199
199
199
199
199
199
199
199
199
199
199
199
199
250
199
199
197
199
199
199
199
188
189
199
189
444
210
222
180
189
189
199
189
189
189
199
189
198
189
199
189
189
199
188
199
199
199
199
199
199
199
199
188.8
189
189
189
189
189
189
189
189
189
199
199
199
197
198
199
199
199
199
199
199
189
199
230
189
189
189
189
189
199
199
209
189
189
199
189
189
189
189
189
199
189
189
199
189
189
198
199
199
240
199
199
199
199
199
199
189
199
189
189
199
189
189
199
189
199
189
189
199
199
199
198.9
188
199
199
199
225
199
199
199
199
227
199
199
199
240
199
199
198
199
199
199
199
199
199
199
199
199
199
199
199
199
199
199
199
199
199
199
199
199
198.99
199
199
199
199
199
199
199
199
199
199
199
199
199
189
199
189
189
189
189
189
189
189
189
189
189
189
189
198.9
189
189
199
189
189
189
189
189
199
199
189
189
189
199
240
199
233
199
242
300
189
189
189
189
189
189
189
189
189
189
199
199
199
199
199
189
199
199
190
189
189
199
250
240
199
199
210
199
199
199
199
199
199
199
199
199
199
199
199
199
199
199
199
199
199
199
199
179
179
179
179
179
179
179
179
179
199
179
199
199
199
199
199
179
199
199
179
179
199
199
179
199
199
300
500
298.9
350
199
195
199
199
199
179
179
179
179
179
179
249
179
198
242
240
249
139
139
139
139
175
179
179
179
179
179
179
179
179
179
179
179
179
179
240
248
179
179
179
179
179
246
179
189
195
198.9
199
199
198.9
190
189.9
199
149
149
149
149
149
149
149
149
149
149
187
195
197
208
250
179
777
179.9
349
69
69
69
69
187
178
180
169
169
169
198
169
169
169
169
169
169
199
169
185
199
198
242
175
179.9
199
350
290
199
279
175
180
169
169
199
180
182.5
159
159
199
244
194
300
199
384
250
250
248
222
175
888
200
170
175
179
182
197
199
299
210
183
198.5
199
250
184
197
198.79
194
184
197
197
197
185
195
198.79
198.8
189
198.7
195
199
195
198.8
199
199
199
199
199
199
199
199
199
199
199
199
199
199
199
199
199
199
199
199
199
199
199
199
199
199
199
199
199
199
199
199
199
199
199
199
199
195
195
198.99
199
199
169
169
199
169
169
169
169
189
169
169
169
169
199
199
199
199
199
199
199
230
199
199
199
189
249
230
200
189
189
189
189
189
189
189
189
189
189
189
189
189
189
189
189
189
189
189
189
189
244
188
189
250
240
244
260
189
189
189
189
189
189
189
188
189
189
189
189
350
189
188
189
189
189
189
189
189
189
198
500
199
210
210
209
199
199
199
199
199
199
199
189
199
199
199
199
189
189
199
199
199
199
198.8
199
199
199
199
240
189
240
999
349
500
500
350
400
320
260
242
240
244
244
250
246
244
250
250
269
249
199
255
300
300
300
189
199
189
189
189
189
189
189
189
189
189
199
199
199
199
199
199
248
199
185
189
185
185
240
185
185
185
199
199
199
199
193
175
185
175
988
988
500
1068
600
250
244
299
250
199
188
248
250
170
175
245
250
370
189
189
189
189
189
189
189
189
189
189
189
189
189
198
199
194
179
179
179
179
179
179
179
179
179
179
179
179
179
179
179
1450
246
179
179
179
179
179
179
179
179
179
179
179
179
179
179
179
179
179
179
179
179
179
179
179
179
195
179
178.99
199
199
195.99
198
199
199
199
199
199
199
196.9
199
199
199
197
199
199
199
199
199
199
199
199
199
199
197
198
199
199
199
197
199
199
198
199
199
199
199
198
198
199
199
199
199
199
199
199
197
197
199
199
199
199
199
199
199
199
199
215
699
399
699
199
198.9
199
199
199
199
199
199
199
199
205
199
199
200
200.1
220
210
220
219
205
230
199
199
199
199
199
199
199
189
179
179
179
179
179
179
179
179
199
179
189
179
179
179
179
179
179
179
179
189
179
179
179
189
179
179
179
179
179
179
179
179
179
179
179
179
179
179
179
179
179
179
179
179
199
189
189
189
189
189
189
189
189
189
189
199
169
169
169
169
169
169
169
169
169
169
169
169
169
169
169
169
169
169
169
169
169
169
169
169
169
169
169
169
169
169
169
169
169
169
169
199
189
169
169
169
169
169
400
189
189
189
173
199
560
189
189
189
189
189
189
189
189
189
189
189
179
179
179
179
189
189
179
179
189
189
189
179
179
179
179
179
179
179
179
179
179
179
179
179
179
179
179
179
179
179
179
179
179
179
179
179
179
179
179
179
179
179
179
179
179
189
199
199
199
199
199
199
199
188
189
199
199
199
199
189
199
199
179
189
189
189
189
189
189
189
199
199
199
189
229
197
199
199
199
199
199
199
199
199
199
199
199
199
199
199
199
199
199
199
199
189
199
199
199
199
199
199
199
199
199
199
199
199
199
199
199
199
199
199
199
199
199
999
179
199
188
188
188
188
188
188
188
188
188
188
188
188
188
188
188
189
189
189
189
189
189
189
189
189
189
189
189
189
199
189
199
189
189
189
189
188
189
189
189
189
189
189
189
189
189
189
189
189
189
189
189
199
189
189
189
189
189
189
189
189
189
189
189
199
189
199
189
189
189
189
189
189
209
189
230
333
269
189
189
189
189
199
360
189
260
198.99
199
270
199
199
199
199
199
199
199
199
199
199
199
191
232
189
444
199
222
199
199
199
199
199
199
199
199
199
189
199
189
199
199
199
199
185
199
185
189
189
189
189
189
189
189
188
199
199
189
199
189
199
191
199
199
199
199
199
189
199
199
199
187
189
330
430
189
223
188
390
189
189
189
245
199
251
189
189
189
189
189
340
199
360
199
188
199
199
199
199
199
199
199
199
199
199
199
199
199
199
199
199
190
599
189
189
350
340
198
199
320
350
450
271
199
199
189
189
189
189
189
189
188
188
420
199
178
183
189
178
198
178
178.9
179
444
183
387
387
183
183
187
183
280
180
187.9
185
183
182
199
182
199
182
250
182
300
245
400
183
183
199
184
183
260
249
199
183
280
180
188
180
187
199
199
199
189
180
199
500
555
179
184
199
185
185
188
189
189
189
189
189
910
460
179
179
179
198
189
189
189
199
176
499
230
450
199
174
175
179
174
174
174
174
177
179
189
189
189
174
174
180
174
180
175
180
180
180
180
440
199
199
189
180
189
199
188
189
666
199
198
379
380
189
188
198
199
189
198
189
197
199
189
189
189
189
189
189
189
189
189
189
189
198
197.9
195
198
198
198
198
198
198
199
198
199
198
199
199
198
198
199
199
199
199
199
199
199
199
399
449
450
500
199
199
199
199
888
199
198
246
199
199
199
199
199
199
199
199
198
198
198
199
199
538
194
198
199
199
278
268
193
195
199
199
360
278
500
196.9
198
600
199
199
199
250
300
196.9
196.9
196
199
199
199
250
279
280
196
199
197
197
580
666
197
199
199
197
199
199
197
199
555
300
199
555
195
195
195
199
1167
199
199
600
500
350
300
268
275
378
380
190
199
199
199
199
199
199
199
199
199
199
199
199
190
187
198
199
199
199
199
199
199
199
199
199
199
199
199
190
199
199
185
195
190
199
199
277
199
199
199
199
199
199
179
199
250
197
197
198.98
193
199
180
195
199
199
189
180
197
197
180
199
500
198.98
198.98
198.98
198.98
198.98
198.98
199
199
199
199
197
197
198.98
197
198.98
450
279
660
199
198.98
198.98
198.98
198.98
198
199
199
199
199
199
199
199
199
199
199
199
199
198.98
199
199
190
198
199
199
199
199
298.9
199
199
198.98
199
199
199
189
247.77
199
199
198
199
199
199
199
199
199
199
199
199
199
199
199
199
199
199
199
199
199
199
199
189
199
199
199
199
199
199
199
199
199
199
199
199
199
220
199
599
189
199
245
250
197.98
198
198.98
199
199
199
199
199
199
199
199
199
199
199
199
199
1111
199
199
199
199
199
199
199
199
199
199
150
199
199
198.9
199
199
199
199
199
199
199
199
199
199
199
199
199
199
199
199
199
199
199
199
199
199
199
199
199
200
197
199
199
199
199
210
199
199
215
199
199
225
199
199
280
199
225
199
246
248
199
199
199
199
199
199
199
199
199
199
197
199
199
199
199
199
199
199
199
199
199
199
199
199
199
199
199
199
199
199
199
199
199
199
199
199
199
199
199
199
199
199
199
199
199
199
199
199
199
199
199
199
199
280
199
199
199
199
199
199
199
199
199
199
199
199
199
199
199
199
199
199
199
199
199
199
199
199
197
199
199
199
199
199
199
199
199
199
199
199
199
199
199
199
199
199
199
199
199
199
199
199
199
199
199
199
199
199
199
199
199
189
199
199
199
199
199
199
199
199
199
199
199
189
189
185
189
189
199
199
666
188
189
189
666
199
199
199
199
199
199
199
199
199
199
199
199
199
199
199
199
199
199
199
199
199
199
199
199
199
199
199
199
199
199
199
199
199
199
199
199
199
199
199
199
199
199
199
199
199
199
199
199
196.9
199
199
199
199
220
199
199
191
199
199
199
199
199
198
198
198
197
198
199
199
199
199
199
199
199
199
199
199
199
199
199
199
199
199
199
199
199
199
199
199
191
199
230
199
199
199
199
199
199
199
199
199
199
199
239
199
199
199
199
359
199
199
197.99
199
199
199
199
199
199
199
199
199
199
199
199
199
199
199
199
199
199
199
199
199
199
199
199
190
199
199
232
199
199
199
199
199
199
199
199
199
199
199
199
199
199
199
199
333
199
290
199
199
199
199
199
199
199
199
199
199
199
199
199
199
199
199
199
199
199
199
199
199
199
199
199
199
199
199
199
199
199
199
199
199
199
199
199
199
190
199
199
199
199
199
199
199
199
199
199
199
199
199
199
199
199
199
199
199
220
199
249
199
199
199
199
199
199
199
199
199
199
199
199
199
199
199
199
199
555
199
199
199
199
199
199
190
199
199
199
199
199
199
199
210
199
199
199
199
199
199
199
199
199
199
199
280
199
198
199
222
199
199
199
198
199
198
199
198
199
199
199
199
199
199
199
199
345
162
199
199
298.9
266
199
199
198
198
199
199
199
199
198
199
199
199
199
220
199
199
199
410
199
350
199
199
199
199
199
199
250
199
199
199
198
199
199
199
199
199
199
199
199
199
199
199
199
199
199
250
198
198
198
199
199
199
199
199
199
199
199
199
199
199
199
320
199
259
199
199
199
421
199
199
199
200
220
225
250
280
266
197
199
195
199
198
199
198
195
195
195
198
197
199
250
299
197
199
199
350
199
199
199
199
198
199
199
199
199
199
199
199
199
199
199
199
199
199
199
199
199
199
199
199
199
199
199
199
199
199
199
199
199
199
199
199
199
222
199
199
199
199
199
199
199
199
199
199
199
199
199
199
199
199
199
199
199
599
199
199
199
199
199
199
199
199
199
199
199
199
199
199
399
666
500
199
199
199
199
199
199
199
199
199
199
420
700
558
450
435
455
599
199
199
260
280
199
199
199
199
199
199
199
199
199
198
199
199
199
199
199
199
197
199
199
199
199
199
199
199
197
199
199
199
199
199
199
199
199
199
199
199
199
199
595
599
420
555
199
199
199
199
199
199
199
199
199
199
650
787
199
198
199
299
199
199
199
777
360
199
400
199
299
499
390
555
199
198
198
198
499
199
199
199
195
299
199
199
199
199
199
199
323
197
196
199
233
199
199
190
166
197
299
199
199
195.5
197
197
197
197
195
196.9
197
199
199
199
199
199
199
199
199
199
199
239
280
197
196
196
197
197
197
199
199
199
199
196
196
195
195
190
196
196
196
195
220
196
196
196
197
197
250
198
199
199
199
199
199
199
199
199
199
199
199
199
199
199
199
199
199
199
199
199
199
199
199
199
199
199
199
199
199
199
198
199
199
199
199
344
199
199
199
199
199
199
199
199
199
199
199
199
199
199
199
199
199
199
199
199
197
199
199
199
199
199
199
199
199
199
199
199
199
199
199
199
199
199
199
199
199
290
199
199
199
199
199
199
199
199
199
199
199
195
569
197
199
210
199
199
199
200
199
199
197
198
197
197
197
197
197
197
197
198
198
198
199
199
197
198
250
199
199
199
199
199
199
199
198
198
198
198
199
199
199
199
199
199
199
199
199
199
199
200
432
197
199
199
199
199
555
551
1500
666
250
199
199
199
199
199
199
199
199
199
199
195
197
499
196
197
197
197
199
195
195
499
195
195
195
199
199
199
199
189
185
199
197
197
199
197
199
199
197
195
197
199
189.9
199
199
199
199
199
199
189.9
189.9
189.9
189.9
189.9
199
199
199
130
299
444
197
189.9
199
199
197
215
198
199
199
199
199
199
180
195
180
180
189.9
189.9
189.9
420
199
333
189.9
190
199
350
197
199
199
199
199
197
197
199
199
199
199
196
198.97
198.97
198.97
198.97
198.97
198.97
198.97
198.97
197
198.97
197
197
250
198.97
198
198.96
198.97
198.97
199
199
198.97
198
198
199
195
195
198.97
199
199
220
198.97
195
198.97
198.97
198.97
198.97
190
198.97
410
199
499
197
197
197
545
198.97
197
197
199
300
215
193
193
193
350
198.97
199
199
199
197
192
199
191
193
199
199
199
193
193
193
193
193
193
193
193
193
193
193
193
193
193
193
199
199
199
399
193
198.97
199
199
199
199
199
199
199
199
199
199
199
199
199
199
199
193
199
193
193
193
193
193
195
189
193
195
195
198.97
199
999
199
199
199
199
199
199
199
199
199
199
300
333
195
198.97
199
199
199
195
198.5
350
198.97
199
199
199
196
196
196
210
333
197
197
199
199
199
199
199
199
198
199
199
199
199
198.97
198.97
199
194
199
199
199
199
199
199
299
299
299
299
299
198
195
195
199
198.97
339
199
344
199
198.97
198
199
199
199
199
199
199
199
199
198.97
198.97
198.97
198.97
199
199
199
198.97
198.97
198.97
199
199
199
199
199
199
199
198.97
199
199
199
199
199
207
199
199
199
199
199
199
199
199
199
199
199
200
199
200
199
199
199
199
199
199
199
199
199
196
199
199
199
197
350
197
205
199
199
199
199
199
199
197
199
199
399
199
199
300
199
199
199
199
220
199
199
199
199
299
199
299
199
198.97
199
199
199
199
199
199
199
199
199
199
199
199
198
198
198
199
199
199
198
198
199
199
199
199
199
199
199
199
199
199
199
199
199
215
199
199
199
199
199
199
250
199
199
199
199
199
199
199
199
199
199
199
190
199
199
198
199
199
199
199
199
195
190
199
199
199
185
189
190
199
199
180
185
186
189
190
190
190
190
190
192
193
190
198
199
199
199
199
200
290
299
299
320
249
229
220
220
220
199
199
199
199
199
199
199
199
199
199
198
198
198
199
199
199
199
199
199
199
199
199
199
199
199
199
199
199
199
199
199
199
199
199
199
199
199
199
199
199
199
199
199
199
389
199
199
199
199
199
199
320
199
369
379
188
555
195
399
197
198.95
199
199
388
199
199
199
199
199
350
200
399
210
220
238
240
240
240
249
239
250
250
250
244
242
246
246
246
244
244
244
244
242
242
242
242
240
240
240
250
255
310
299
299
299
299
299
280
266
300
300
299
300
300
266
299
294
294
299
254
299
299
300
299
300
300
294
299
299
289
299
320
320
320
320
320
320
320
320
320
320
320
320
320
320
320
320
320
320
320
320
320
320
320
320
320
319
344
345
322.88
340
320
348
340
320
320
320
320
320
320
350
500
311
399
320
300
320
299
285
299
535
280
279
285
289
289
300
300
310
320
344
343
348
299
290
295
330
346
699
676
400
347
599
310
320
666
336
700
320
319
344
347
699
1999
999
990
325
347
349
319
315
450
399
300
302
305
350
380
449
477
481
456
456
450
481
349
299
315
302
399
349
340
298
445
399
440
295
315
301
299
298
300
320
444
300
290
310
302
302
300
300
444
300
300
310
315
319
320
315
325
467
315
320
320
320
330
320
345
999
320
320
320
320
449.9
319
310
317
315
319
312
280
299
320
320
320
305
317
299
299
305
305
315
300
305
315
305
339
340
344
348
349
350
350
350
350
350
350
359
371
375
380
1414
1212
450
499
666
666
1111
999
1000
444
1000
1200
500
555
666
1000
400
1500
555
555
555
666
330
330
380
380
330
330
389
390
390
394
395
398
399
400
400
400
400
444
389
349
466
555
450
444
389
444
366
366
488
555
397
555
555
500
499
555
999
350
444
444
380
394
410
999
400
399
400
400
400
400
450
442
485
420
410
380
419
420
420
420
445
420
420
579
2500
676
444
440
430
438
439
443
444
444
417
404
401
555
555
450
445
443
400
400
555
415
400
415
555
424
420
419
425
430
432
444
499
444
550
600
410
418
425
700
350
443
450
420
455
418
420
419
409
400
400
418
599
600
445
405
400
414
390
418
406
399
400
409
418
419
423
420
330
350
350
350
350
345
350
350
345
320
341
343
350
350
350
350
350
350
350
350
325
320
305
300
310
400
315
330
340
350
345
339.8
339.8
339.8
350
350
350
350
350
350
350
350
350
300
310
320
325
330
350
349
340
349
350
350
350
350
350
350
350
350
408
420
399
350
398
420
420
435
444
430
477
445
449
450
444
449
450
450
450
450
450
450
440
440
588
666
420
495
495
750
405
400
410
435
688
700
440
440
479
629
666
415
430
420
440
440
440
460
440
440
414
410
420
498
410
777
420
777
418
550
889
425
415
415
430
415
450
415
555
555
429
440
430
410
416
450
440
435
400
440
483
440
439
440
440
449
460
466
478
479
480
484
488
489
489
490
495
490
495
555
498
494
494
495
498
700
494
494.99
495
495
495
494
495
498
500
498
498
498
495
495
495
497
498
498
498
498
497.9
498
498
499
499
499
498
498
498
498
498
498
800
497
497
492
496
496
496
496
496
496
496
496
496
496
496
496
497
555
555
494
497
496
473
474
494
496
495
498
496
475
498
490
498
498
477
543
498
555
498
499
498
500
489
498
498
498
490
498
490
1444
495
498
498
500
888
489
489
490
495
495
495
498
498
498
498
498
450
450
400
405
400
448
498
493
495
498
498
498
498
498
498
498
498
900
777
450
469
498
498
499
554
497.99
899
888
900
999
498
498
500
501
515
1250
530
505
664
554
554
649
570
515
515
515
549
550
555
515
515
535
555
555
555
555
555
555
555
555
510
525
535
535
535
535
535
555
535
555
540
550
555
510
525
530
545
550
554
555
555
555
555
555
555
555
509
555
555
666
555
555
555
555
555
555
555
554.9
555
888
555
555
555
555
555
555
555
555
555
555
555
555
555
555
555
555
552
555
555
552
553
553.9
666
666
553
553
553
554
500
554
500
499
480
500
490
499
480
495
488
510
520
529
510
555
600
495
480
489
555
480
490
855
460
444
479.99
470
465
470
510
478
479
469
465
469
777
465
462
465
469
469
469
469
469
469
469
469
486.9
340
500
145
160
190
199
270
438
438
439
439
444
458
450
500
450
555
455
454
455
455
453.5
500
440
440
440
440
454
459
469
469
469
469
469
469
454
493
497
500
498
492
500
530
535
550
540
553
550
550
555
550
555
555
549
555
555
555
540
555
555
555
555
555
555
555
555
555
555
555
555
555
555
555
555
555
555
555
555
555
555
555
540
530
545
545
555
555
569
545
545
555
555
599
598
555
555
555
555
555
600
660
666
660
555
555
555
555
555
575
565
600
600
565
588
600
599
599
900
600
660
599
600
777
600
620
610
650
660
665
660
660
665
665
665
660
666
659
666
666
666
555
640
645
650
650
650
650
650
650
650
650
660
660
635
635
635
666
660
665
660
599
639
644
644
644
648
635
644
649
649
648
649
649
649
649
649
649
649
666
700
720
777
649
666
649
649
665.9
649
666
649
665
900
666
648
665
660
660
720
666
666
666
666
660
649
666
660
647
660
649
666
649
666
648
648
649
600
647
600
600
600
640
666
600
649
665
699
1111
635
635
635
635
646
750
777
647
648
648
649
649
648
649
649
649
649
649
665
649
650
665
666
665
666
666
666
666
666
650
665.5
666
666
666
666
666
666
666
666
666
666
666
666
666
666
666
666
677
666
855
700
888
911
1000
999
720
777
1111
755
866
666
667
675
677
678
688
697
698
698
699
699
700
700
699
700
700
700
700
700
699
712
711
720
711
720
720
725
720
750
720
720
720
720
720
720
722
722
725
800
733
899
778
730
776
777
769
749
777
777
735
750
750
755
777
749
777
766
777
778
777
1269
775
777
740
744
777
720
760
788
777
777
778
780
780
780
788
788
800
800
800
845
800
845
868
877
877
888
900
899
900
889
999
950
999
776
1111
799
800
888
888
999
1299
1222
1400
1600
777
777
777
777
777
778
800
780
776
778
778
778
860
889
780
780
777
780
780
788
780
800
777
950
780
788
785
788
888
788
788
788
788
789
800
868
888
899
877
800
799
800
999
887
825
822
799
870
845
880
877
888
877
875
950
900
875
876
876
876
990
1555
889
2499
873
887
869
868
865
865
899
865
865
850
850
855
851
998
811
800
809
833
805
808
2500
788
777
788
833
787
1488
744
787
744
755
755
777
777
786
786
787
788
788
800
1000
860
787
810
755
744
755
788
844
782
788
788
784
789
785
785
785
789
789
750
750
792
800
807
866
801
811
789
808
808
808
887
822
822
810
800
866
869
821
858
822
833
822
860
859
811
820
855
809
800
800
900
799
800
800
798
798
798
798
798
798
799
800
809
815
840
863.9
840
855
855
856
800
800
780
748
730
740
750
764
765
766
770
764
765
767
768
809
810
829
774
799
820
800
830
825
830
839
847
848
829
845
840
849
879
868
840
849
850
855
860
864
888
888
999
888
887
860
849
855
835
850
835
886
834
840
868
850
863
863
848
848
835
845
845
860
863
863
922
822
799
792
820
789
860
887.9
889
998
999
1500
777
780
787
788
789
789
789
789
789
789
789
789
789
777
780
789
789
789
789
789
789
789
789
789
800
800
822
822
840
850
861
863
863.9
864
864
877
865
865
865
865
866
867
867
869
869
870
870
870
874
850
840
835
876
874
825
879
815
860
845
887
879
845
825
875
888
888
888
889
870
870
873
874
875
865
865
890
870
888
860
864
996
869
869
869
864
875
870
999
888
980
995
979
888
899
899
835
911
840
844
840
825
830
900
840
1600
886
800
830
840
840
800
845
820
875
798
800
888
800
800
830
830
830
830
831
830
830
830
865
877
888
888
969
874
874
909
875
887
1111
1111
1111
550
550
550
550
550
550
550
550
550
550
550
550
550
550
550
550
550
550
550
550
550
550
550
550
550
550
550
550
550
550
550
550
550
550
550
550
550
550
550
550
550
550
550
550
550
550
550
550
550
550
550
550
550
800
868
799
799
799
799
799
799
799
799
820
820
839
840
1100
842
840
855
873
874
874
888
888
888
880
860
815
888
850
859.5
875
875
875
998
999
888
999
850
850
845
850
849
840
1000
840
800
800
799
815
839
814
813
820
820
820
799
810
810
820
805
887
825
830
3500
820
800
810
805
829
800
800
800
779
800
800
788
770
788
780
800
838
800
888
888
788
760
780
780
780
780
780
780
787
800
600
697
777
777
650
695
695
695
690
650
689
690
760
999
690
815
620
615
638
635
640
636
639
640
577
610
593
777
2000
580
586
570
599
600
635
799
640
788
600
688
1350
1100
650
600
570
499
550
550
570
570
567
567
600
560
550
560
560
560
610
555
560
560
560
610
610
610
630
656
650
599
630
615
650
670
610
635
645
679
655
610
620
625
750
599
599
639
660
628
625
590
560
590
595
1250
625
650
700
700
750
777
777
761
595
725
600
1050
567
569
566
592
633
649
628
628
650
680
777
777
790
778
813
800
45
45
45
45
590
770
600
570
610
1200
599
620
650
680
621
655
666
670
749
725
755
840
670
776.7
750
669
678
685
684
685
650
685
684
685
675
650
675
675
689
699
700
777
770
777
799
808
820
850
830
669
776
620
600
600
599
600
600
640
620
600
600
620
640
620
610
610
730
620
620
630
629
640
640
850
850
630
600
599
600
610
610
610
620
610
635
620
599
600
62
600
600
600
620
640
640
640
640
645
649
650
650
650
650
670
670
680
720
750
850
1100
599
650
650
679
680
685
688
690
696
698
698
698
699
699.69
700
700
700
700
700
698.99
749
775
710
710
730
777
750
680
690
698.8
700
690
690
690
700
700
670
675
675
600
620
620
630
600
660
999
580
589
599
600
620
619
600
644
644.99
645
649
649
649
650
650
650
669
670
689
690
699
699
700
720
720
698
699
699
700
699
699
699
700
700
700
720
700
720
729
730
777
730
745
777
720
720
720
700
720
750
718
719
720
720
720
720
720
720
725
730
750
900
744
1450
749
749
749
1469
749
750
750
750
750
750
750
750
750
755
760
769
777
777
777
777
777
777
777
777
795
799
788
789
788
799
799.69
800
800
800
710
710
710
710
708
699
690
690
699
1000
690
690
777
700
689
720
700
808
700
695
808
835
800
849
850
888
859
949
987
690
689.99
690
690
700
700
690
700
850
700
849
700
700
700
690
840
700
720
776
776
808
773
820
773
773
775
775
774
774
774
775
777
777
788
800
799
800
1200
800
800
800
800
800
850
815
830
887
797
798
798
798
805
795
798
800
790
799
799
809
987
800
803
800
799
800
830
2500
800
810
825
850
833
800
888
805
808
808
995
798
800
880
840
800
808
808
810
825
830
830
835
848
848
848
850
850
850
850
850
850
850
850
850
850
858
858
858
862
869
869
874
875
875
875
880
887
888
888
888
888
888
888
888
880
888
850
850
1500
1549
899
888
888
950
1000
1999
885
884
910
799
999
885
886
886
886
2550
1800
887
887
888
888
888
888
889
895
899
880
898
898
898
899
899
899
900
910
920
929
950
950
960
965
969
969
970
970
970
979
985
988
989
995
995
995
995
998
998
998
999
999
999
995
999
999
999
998
998
998
998
999
999
999
999
999
999
999
1000
1000
1000
1000
1000
1077
990
1111
1111
1120
1188
1188
1522
1100
997
999
1000
1099
999
996
999
998
995
998
994
998
996
997
998
1015
1091
1333
1090
1090
1099
1099
1099
1100
1100
1100
1110
1111
1111
1111
1120
1187
1188
1188
1188
1188
1188
1188
1188
1200
1900
1889
1140
1889
1188
1188
2250
1170
1186
1187
1187
1187
1188
1188
1188
1188
1188
1188
1188
1188
1188
1170
1187
1200
1200
1200
1200
1185
1220
1189
1184
1187
1190
1184
1184
1184
1185
1189
1189
1200
1184
1200
1200
1199
1210
1200
1225
1235
1250
1250
1250
1250
1269
1288
1220
1288
1288
1288
1288
1288
1288
1288
1288
1287
1287
1287
1288
1288
1288
1288
1288
1288
1288
1288
1288
1288
1287
1170
1199
1250
1288
1288
1288
1288
1288
1288
1288
1288
1288
1288
1288
1288
1288
1288
1288
1288
1299
1300
1290
1325
1333
1333
1333
1330
1334
1330
1333
1350
1355
1366
1500
1400
2500
2499
5555
1365
1365
1369
1375
1378
1170
8888
8888
1365
1388
1355
1350
1390
1399
1400
1410
1420
1440
1440
1444
1440
1445
1440
1444
1380
1444
1440
1444
1390
1440
1450
1450
1450
1450
1453
1495
1495
1490
1477
1455
1499
1499
1499
1500
1500
1500
1500
1555
1524
1500
1515
1500
1500
1500
1500
1500
1500
1666
1675
1500
1677
1679
1500
1999
1999
1500
1500
1888
1500
1888
1888
1888
1380
1500
1500
1499
1495
1500
2000
2000
2000
2000
2000
1650
2000
1970
1850
1900
2000
1888
1888
1899
1900
1900
2999
1900
1949
2000
1800
1859
1860
1888
1888
1888
1888
1888
1888
1888
1888
1888
1888
1888
1888
1799
1888
1850
1887
1888
1888
1850
1887
1887
1888
1797
1499
1799
1800
1499
1577
1600
1600
1655
1700
1900
1820
1850
1850
1899
1899
1900
1989
1898
1900
1875
1900
1920
1930
1980
1980
1689
1600
1690
1690
1690
1670
1950
1999
1999
1899
1900
1949
1950
1999
1999
1999
2199
2111
2500
2500
2000
1800
1740
3000
1750
1780
1650
1690
1740
1700
1700
1700
1699
1741
1745
1749
2400
2000
1650
1649
1675
1680
1775
1777
1788
1800
1800
1800
1805
1820
1700
1675
1650
1680
1690
1888
1700
1625
1675
1675
1699
1650
1670
1690
1700
1750
1788
1790
1800
1700
2999
1600
1724
1400
1420
1420
1450
1450
1750
1320
1350
1350
1400
1422
1422
1999
1433
1421
1444
1450
1422
1450
1480
1300
1500
1430
1480
1432
1400
1433
1540
1550
1600
1760
1680
1650
1600
1770
2500
1510
1590
1670
2800
1450
1400
1550
1429
1430
1449
1450
1500
1500
1500
1500
1500
1887
1620
1650
1650
1650
1650
1650
1650
1690
1760
1690
1725
1880
1750
1888
1888
1765
1765
1780
1765
1737
1737
1737
1737
1737
1737
1737
1737
1737
1739
1739
1739
1739
1739
1739
1739
1739
1740
1690
1734
1750
1730
1735
1738
1738
1740
1747
1749
1762
1795
1755
1740
1749
1750
1776
1776
1777
1790
1790
1789
1788
1777
1795
1793
1790
1790
1790
1785
1790
1797
1782
1777
1697
1695
1720
1740
1680
1698
1699
1699
1699
1690
1690
1715
1718
1719
1720
1725
1725
1730
1733
1735
1740
1740
1808
1740
1744
1745
1749
1750
1750
1754
1776
1777
1777
1780
1780
1780
1782
1783
1750
1700
1698
1650
1590
1560
1544
1700
1590
1580
1578
1750
1579
1579
1580
1450
1500
1550
1560
1578
1555
1600
1600
1650
1666
1670
1686
1687
1690
1697
1698
1699
1700
1700
1707
1700
1745
1700
1700
1775
1750
1767
1750
1707
1783
1749
1734
1699
1700
1732
1680
1730
1725
1720
1728
1729
1780
1650
1620
1784
1700
1600
1744
1749
1800
1780
1699
1700
1660
1664
1550
1544
1544
1585
1808
1669
1585
1616
1420
1490
1500
1520
1499
1350
1499
1544
1779
1500
1544
1507
1584
1400
1489
1350
1350
1489
1490
1512
1600
1700
1599
1665
1530
1700
1544
1600
1620
1700
1590
1595
1799
1800
1569
1590
1499
1590
1599
1650
1679
1580
2029
1700
1600
1666
1600
5555
4000
1500
1500
1500
2000
1500
5555
1500
1500
1500
1499
1500
1490
3500
1500
1500
1500
1500
1500
1500
1400
4200
1469
2100
1500
1500
1500
1500
1500
1500
1500
1500
1500
1500
1500
1700
1500
1500
1500
1500
1500
1699
1650
1720
1750
1710
1800
1799
1700
1717
1674
1650
1670
1675
1675
1675
1675
1675
1400
3200
1395
1400
1439
1440
1450
1450
1450
1450
1450
1450
1450
1450
1449
1440
1800
1450
1400
1399
1450
1450
1450
1426
1442
1444
1450
1450
1450
1450
1450
1450
1400
1400
1688
1450
1400
1300
1370
1333
1350
1400
270
1333
1200
1300
1333
1333
1299
1375
1600
1398
1333
1400
1399
1400
1400
1400
1400
1400
1400
1400
1400
1400
1400
1400
1400
1450
1369
1369
1369
1369
1369
1400
1500
1555
1350
1450
1400
1400
1450
1555
6000
1399
1500
1450
5555
1337
1399
1337
1450
1300
1337
1337
1200
1320
1320
1300
1340
1340
1550
1550
1450
5888
1320
1300
1301
1320
1320
1320
1320
1335
1350
1337
1450
1400
1425
1445
1550
1399
1550
1550
1550
1550
1400
1444
1449
1450
1450
1450
1450
1450
1550
1435
1431
1428
1200
1375
1200
1200
1200
1200
1199
1199
1200
1340
1337
1333
1150
1200
1100
1111
1140
1125
1150
1200
1299
1299
5000
1298
1299
1299
1299
1299
1300
1333
1334
1334
1334
1297
1000
1196
1000
1196
1294
1294
1449
1285
1286
1200
1100
1249
1500
1075
1050
1074
1050
1050
1050
1075
990
990
1050
1049
950
950
950
950
950
950
950
950
950
945
942
935
935
899
1199
900
899
899
899
899
899
899
899
950
930
930
930
925
850
850
800
1199
900
900
900
900
900
1000
1190
1111
1098
1100
1180
1179
1186
1186
1221
1179
1050
1180
1185
1189
1200
1449
1449
1185
1185
1185
1188
1200
1200
1200
1200
1200
1222
1250
1250
1300
1337
1337
1338
1339
1339
1339
1340
1347
1340
1347
1340
1343
1450
1347
1347
1500
1350
1432
1449
1449
1449
1449
1449
1449
1449
1449
1447
1447
1449
1449
1449
1449
1449
1449
1450
1450
1450
1450
1450
1450
1450
1450
1450
1450
1450
1499
1378
1448
1500
1349
1348
1344
1347
1347
1347
1347
1450
1488
1550
1550
1587
1599
1688
1599
1600
1777
1850
666
1111
1600
1688
1630
1630
1630
1688
1688
1666
1688
1850
1750
1800
1720
1888
1795
1784
2000
2300
2111
2130
3333
1650
1650
1600
1629
1630
1649
1650
1650
1650
1650
1625
1650
1650
1649
1650
1649
1650
1650
1650
1650
1650
1650
1650
1650
1650
1650
2400
1650
1687
1650
1900
1999
1850
1700
1650
1650
1899
1650
1650
1600
1900
1620
1600
1649
4444
1688
1690
1700
1700
1687
1688
1755
1780
1780
1782
1785
1890
1785
1785
1790
2799
1750
1750
1800
1800
2777
1800
2000
1850
1750
1990
1800
1750
1798
1800
3000
2777
1750
1790
1790
1770
1770
1750
1800
1794
1800
1818
1800
1808
1820
1800
1830
1832
1833
1799
1749
1850
1850
1850
1850
1950
1975
1850
2069
2000
1900
1875
1888
1998
1880
1998
1865
1900
1940
1949
1939
1950
2000
1939
1950
1890
1900
1900
2300
1989
1940
1989
1980
1930
1980
1969
1975
2000
2000
2000
1985
1999
2000
2100
2000
2100
2100
2180
2169
2111
2100
2100
2244
2197
3999
2198
2200
2200
2100
2200
2222
2500
2240
2300
3777
2250
2445
2189
2190
2222
5000
2100
2244
2250
2250
2250
2350
2450
2500
2400
2600
2320
2499
2450
2350
2300
2350
2469
2400
2400
2400
2400
2450
2450
2480
2500
2499
2450
2500
2469
2600
2459
2450
2459
2455
2500
2500
2444
2468
2460
2449
2900
2459
2799
2799
3500
5555
2399
2400
2400
2299
2250
4150
2900
2999
2330
2420
2333
2299
2300
2420
8888
2300
2300
2300
2100
2150
4444
2200
2040
2000
1990
2000
1950
1950
1990
1999
2000
2100
2100
2100
2222
2399
2199
2420
2450
2450
2450
2450
2450
2459
2300
2300
2410
2402
2400
2400
2400
2401
2401
2399
2399
2399
2399
2399
2388
2310
2369
2450
2430
2420
2430
2421
2424
2420
2420
2420
2420
2420
2420
2420
2420
2400
2300
2300
2400
2310
2305
2333
2200
2330
2330
2300
2300
2300
2300
2299
2305
2303
2300
2500
2449
2450
2222
2449
2450
2350
2400
2400
2600
3444
2050
2298
2100
2050
2100
2100
2100
2100
2000
2000
2000
2100
2100
3000
1969
1969
1969
1969
1969
1969
1969
2077
2100
2100
2100
2100
2500
2700
2950
2100
3100
3939
2100
6000
5555
2469
2450
2449
2750
2900
2799
2825
2799
2700
3333
4000
4269
4700
4567
2099
2100
2100
2100
2100
2100
3500
2100
2000
2169
2100
2100
2100
2100
2399
2399
2800
2500
2400
2450
2300
2500
2397
2397
2397
2397
2500
2398
2505
2494
2445
2449
2449
2449
2449
2449
2815
2749
2499
2700
2700
2700
2700
2500
2500
2455
2500
2500
2500
2500
2799
2600
2555
2449
2650
2250
2700
2700
2799
3000
2550
2490
2499
2520
2545
2546
2500
2500
2500
2300
2300
2300
2100
2070
2050
2100
2000
1900
1950
2333
2199
2000
2200
2190
2100
2100
2200
2352
2222
2222
2510
2000
2099
2222
2222
2222
2150
1999
2100
2000
1989
1990
1900
1980
1980
1800
1900
1900
1950
1949
1950
1991
1992
2150
2150
2180
2188
2199
2200
2200
2200
2222
2200
3000
3000
3500
2200
2200
2222
2511
2690
2222
2222
2555
3333
2100
2149
7500
4999
5000
2222
2300
2222
2200
2150
2150
2125
2150
2150
2150
2150
2150
2150
2100
1900
2690
2155
2099
7400
2150
2200
2000
2000
1850
2150
2150
2000
2000
2050
2100
2100
2169
2177
2222
2250
1900
1900
1900
1900
1900
1900
1900
1999
2061
2023
2100
2150
2105
2105
2110
2120
2150
2222
2140
2144
2222
2149
2150
2150
2150
2150
2150
2150
2100
2100
2100
2155
2222
2150
2139
2139
3000
2000
2000
1890
1990
2115
2100
2139
2100
2070
2000
2050
2050
2060
2050
2080
2140
2222
2222
3500
2100
1899
1899
1950
1990
2030
2050
2130
2050
2200
2100
1990
1900
2050
1990
2050
2050
3000
2140
2000
1999
1889
1999
1800
1899
1899
1885
1899
2000
1850
1886
1900
2139
2140
2100
1887
1899
1885
1999
1884
2277
1850
1800
1800
1800
1800
1750
2135
2555
1899
1899
4000
3999
3500
2149
5000
3750
3000
3333
1850
1898
1898
1865
1857
1898
1898
1898
1894
1999
2800
1799
1895
2160
1890
3500
7999
1899
2149
2024
2050
1898
1899
1900
2050
1850
2100
2030
2100
2500
2500
2500
3500
3500
3500
3800
2050
2100
2130
2149
2150
2150
2150
2999
2380
2250
2150
2150
2100
2250
2297
2250
2250
2160
2150
2300
2150
2150
2150
2388
2360
2050
2198
2950
2500
2179
2180
2166
2170
2150
2200
2488
2400
2198
2200
3000
2288
2200
2150
2200
2200
2200
2200
2250
2000
2050
2200
2100
2045
2050
2150
2150
2500
1948
2140
2150
1989
2549
1990
2100
1999
1991
1999
2670
2170
1900
1999
1899
3555
1890
1894
1895
1890
1890
1870
1880
1880
1769
2499
3215
1790
1830
1889
1899
1899
1900
1975
3000
2333
1999
1900
1950
1920
1975
1965
2149
1850
1850
1850
1999
1979
1979
2050
2000
2000
2000
2000
1948
1949
2000
3500
1899
2069
1999
3309
3333
3500
1899
1899
2108
1800
1799
1750
1799
1700
1700
1700
1750
1850
1699
1850
1880
1830
1830
1690
1700
1760
1950
1600
1888
1650
1650
1680
1695
1680
1950
1665
1666
1790
1750
1799
1800
1800
1980
1850
1890
1888
1850
1850
1850
1860
1887
2555
2555
2999
1890
1880
1850
2444
2444
1790
1800
2525
1847
2525
1849
2169
1700
1555
1600
2000
1700
1700
1700
1730
1698
1699
1699
1669
1699
1699
1699
1640
1650
1700
1700
1499
1499
1500
1799
1780
1630
1600
1400
1400
1450
1500
1600
1642
1600
1619
1620
1500
1500
1500
1500
1500
1500
1500
2500
1647
1645
1500
1500
1500
1645
1599
1640
1600
2400
1400
1400
1450
1499
1500
1550
1550
1550
2400
1550
1550
1500
1499
1490
1500
1499
1500
1525
1535
1550
1800
1639
1550
1645
1787
1450
1600
1949
2525
2999
2999
1600
2444
2300
1550
1500
1500
1450
1500
1500
1500
1500
1545
1550
1550
1499
4500
1630
4500
1525
1525
1525
1550
1580
2400
1498
1495
1700
1799
2200
2000
2000
1500
2000
2000
1549
1400
1400
1400
1400
1600
1450
1500
1500
1400
1500
1550
1400
1400
1400
1350
2000
1350
1350
1350
1350
1350
1350
1350
1320
1320
1850
2800
1630
1340
1699
1230
1230
1250
1250
1000
1250
1200
1200
1200
1330
1300
1050
1150
1060
1200
1000
1243
1200
1200
1090
1135
1100
1000
1100
1050
1000
999
999
999
1050
1050
1049
1200
1100
1048
1055
1089
1066
1100
1080
1049
1049
1049
1100
1100
1050
1138
1200
1050
1100
1050
1050
1050
1050
1050
1050
1100
1138
1150
1300
1300
1200
1240
1242
1249
1350
1350
1350
1350
1350
1350
1350
1350
1450
1490
1500
1550
1550
1590
1600
1600
1648
2222
4499
1600
1599
1600
1700
1250
1300
1400
1299
1300
1100
1100
1100
1500
1000
1200
1599
1299
1300
1200
1300
999
1299
1950
1300
1299
1300
1300
1300
1332
1399
1400
1549
1000
1999
1200
1100
1100
1100
1100
1100
1100
1100
1200
1400
999
999
999
1050
1050
1050
1050
1050
999
1100
1030
1030
1030
1000
990
990
1000
1000
1000
998
1000
1000
1000
999
1000
1000
1499
1000
1000
1000
1000
1080
1150
1150
1199
1200
1200
1200
1250
1277
1315
1318
1379
1540
1598
2890
2877
1310
1320
1370
1380
1388
1388
1400
1480
1750
1750
1400
1400
1400
1449
1425
1500
1550
1600
1600
1600
1600
1600
1646
1640
1648
1649
1650
1700
1650
1800
2349
1299
1350
1350
1350
1400
1900
4500
4699
1620
1660
1400
1300
1800
1490
1515
1597
1598
1620
1649
1679
1400
1400
1400
1400
2999
1700
1720
1750
1750
1500
1800
1699
1699
1690
1690
1799
1800
1850
1888
1888
1950
1900
1900
1898
1899
1899
1900
1900
1950
1869
4100
1800
1999
1799
1800
1800
2450
1950
1645
1550
1600
1650
1579
1570
1570
1570
1400
1380
1295
1295
1450
1450
1560
2499
1590
1590
1547
1547
1590
1699
1888
1590
1750
1590
1650
1549
1560
1546
1580
1590
1599
1599
1650
1650
1680
1780
1790
1790
1795
1799
1797
1799
1745
1740
1750
1774
1780
1723
1500
1715
1675
1550
1700
1725
1325
1388
1650
1390
1625
1750
1999
1399
1299
1450
1450
1420
1300
1300
1389
1375
1398
1399
1400
1400
1450
1470
1400
1500
1500
1650
1700
1569
1699
1550
1500
1569
1730
1800
1700
1700
1700
1700
1755
1850
2999
1850
1798
1800
1800
1839
1840
1850
1850
1850
1850
1850
1850
1850
1850
1888
1888
1850
1888
1899
1899
3000
1890
2200
2000
1895
1899
1980
1899
1950
1950
1850
1900
1898
1950
1898
1898
1899
1899
1980
2000
1999
1999
2020
2000
2000
2000
2000
1950
1997
1998
1998
2200
2000
1800
2000
1800
3500
1980
1999
1998
2045
1980
1978
1979
1980
1988
1999
3500
1939
1969
1988
1990
2000
1999
1999
1998
1996
2000
1998
2000
2030
1998
2000
2000
2035
2000
2040
2025
2050
2050
2050
2050
2150
2160
2250
2188
2188
2188
2180
2188
2188
2188
2188
2188
2188
2445
2193
2193
2400
2185
2185
2185
2195
2150
2195
2099
3000
2000
2000
2190
2099
1999
2000
1999
2000
2080
1887
2400
2080
2080
2400
2149
2250
2000
2188
2888
1999
2049
2500
1785
2000
2099
2000
2000
2000
2000
2000
2000
2000
2000
2000
1999
2000
2000
2000
2000
2000
2000
2000
2000
1800
1750
2000
1691
1800
3000
1700
2000
1700
1750
2000
1780
2000
2000
1669
1735
1699
1700
1735
3500
1700
1733
1700
1733
1700
1734
1735
1735
1735
1735
1735
1735
1735
1735
1735
1735
1735
1735
1735
1735
1735
1735
1800
1950
1998
90
92
90
95
96
98
98
100
1699
1600
1500
1670
1699
1600
1740
1699
1730
1899
1739
1899
2000
1689
1689
2000
1999
1650
1780
1780
1859
1818
2100
1888
1850
1850
1850
1900
1849
2121
2121
1950
2000
1900
1900
2222
1950
1780
1800
1780
1780
1780
1780
1700
1720
1780
1999
2200
1999
2442
1500
1500
1543
2400
1600
1600
1600
1600
1720
1725
1650
1650
1850
1600
1650
1600
1600
1649
1888
1949
1650
1620
1768
1620
2350
2000
2075
1995
1769
1625
1625
1625
1625
1999
2000
2200
2000
1780
1850
1970
1999
2000
2199
2000
2000
1877
2000
2100
1950
1950
2599
1950
1940
1890
1890
1950
1900
2200
2399
2500
1980
2222
3999
4999
4900
1950
2444
3499
2500
2789
2450
1900
1899
5555
7500
1950
2100
2099
1990
1998
2222
2112
2098
2101
2222
2150
2091
2121
1930
1777
1800
1898
1950
1950
1899
1900
1850
1640
2999
1700
1850
1825
1825
1881
1799
1780
1800
1881
1881
1899
1900
1769
1925
1928
1769
3000
2500
1900
1769
2000
1669
1700
1650
1950
1950
1650
1669
2500
1669
1750
1800
1669
2050
2000
1600
1600
1600
2000
1999
1599
1600
1600
1916
1669
1669
1600
1600
1600
1600
1600
1500
1500
1600
1500
1550
2000
1881
1600
1600
1550
1500
1499
1600
1600
1600
1600
1650
1650
1588
1588
1500
1500
1500
1500
1500
1395
1399
1588
7777
7777
1450
1600
2000
1500
1600
1600
1600
1700
1650
1650
1650
1669
1620
1969
2200
1600
1650
1669
1650
1700
1600
1700
1500
1569
1545
1800
1881
1545
1528
1540
1540
1545
1545
1545
1544
1750
1544
1545
1550
1545
1545
1545
1540
1545
1881
1450
1545
1550
1610
1650
1700
1699
1699
1580
1899
1650
1700
1690
1650
1699
1699
1695
1650
1700
1700
1715
1600
1650
1700
1698
1699
1699
1699
1699
1699
1699
1699
1699
1699
1850
2100
1650
1550
1550
1400
1550
1500
1623
1400
1700
1580
1550
1400
1400
1490
1450
1599
1700
1650
1600
1500
1580
1600
1623
1623
1623
1623
1599
1596
1597
1598
1622
1622
1623
1623
1623
1623
1623
1899
1622
1616
1400
1400
1500
1500
1400
6250
1500
1499
1500
1500
1500
1500
1500
1622
1622
1622
1500
1500
1550
1750
1700
1700
1500
1569
1600
1600
1621
1621
1622
1622
1699
1750
1899
1600
1640
1550
1640
1639
1550
1598
1639
1640
1599
1640
1640
1650
1600
1600
1600
1600
1600
1600
1600
1650
1800
1900
1900
2000
1647
1650
1648
1649
1650
1650
1650
1650
1650
1690
1699
1699
1699
1795
1900
2850
2222
1900
1886
2300
2222
3000
5555
2500
1800
1881
3000
1799
1850
2000
1917
3400
1880
1950
1945
1950
1940
1990
1990
1997
1999
1999
2000
2000
2000
1990
1999
2000
2000
2000
2000
2000
2080
2099
2100
2111
2120
1985
2750
1985
1949
1980
1980
1985
1983
1979
1900
1999
1983
2000
1970
1900
1900
1900
1900
1850
1840
1850
1800
1925
1950
1969
1900
1980
2200
1950
1985
1984
1999
1980
1984
1990
2189
2199
4000
2155
2199
1990
2000
2000
2400
2099
2198
2199
2200
2469
2199
2200
2198
2500
2198
2200
3000
2222
2222
2200
2390
2200
2222
2250
2200
2500
2200
2230
2300
2200
2250
2221
2200
2200
2200
2222
2280
2222
2269
2222
2222
2222
2269
2500
2277
2350
2175
2240
2239
2250
2250
2260
2268
2277
2270
2650
2299
2300
2400
2400
6999
2333
2297
2250
2882
2250
2249
2269
2240
2700
2300
2239
2299
2300
2350
2300
2222
2300
2200
2350
2180
2179
2180
2199
2242
2242
2500
2250
2250
2290
2333
2248
2450
2400
2220
2288
2655
2259
2277
2290
2290
2290
2290
2290
2298
2389
2291
2798
2290
2290
2290
2290
2290
2290
2280
2290
2200
3499
2220
1990
2000
2100
2000
2099
2350
2750
2299
2222
2211
2200
2211
2211
2210
2211
2211
2211
2213
2212
4900
2210
2149
2213
2199
2300
2300
2200
2150
2200
2200
2200
2200
2200
2200
2200
2200
2210
2210
2210
2210
2210
2212
2212
2212
2212
2212
2212
2212
2212
2212
2213
2213
2213
2550
2550
2213
2213
2213
2213
2213
2213
2210
2213
2213
2213
2300
2337
2450
2450
2450
2480
2475
2477
2488
2498
2500
2500
2500
2700
2700
2750
3000
2800
3500
3500
3500
8000
2500
2500
2499
2500
2500
2500
2500
2500
2550
2550
2555
2600
2600
2650
3000
2640
2648
2649
2650
2650
2700
2749
2770
2666
2698
2625
2699
2700
2700
2777
2799
2800
2800
2625
2625
2800
2800
2800
2800
2800
2800
2800
2800
2800
2800
2639
2649
4000
2800
2888
2888
2800
2888
2888
2888
2888
2888
2850
2888
2888
2888
2887
2880
2888
2840
2887
2887
2799
2887
2888
2800
2850
2888
2888
2888
2999
2888
2888
2888
2888
2888
2950
2900
2998
2788
2879
2880
2800
2880
2888
2880
2880
3333
2888
2998
2880
2880
2998
3120
2998
2880
2886
2950
2950
2988
2988
2988
2998
2998
2998
2998
2998
2998
2998
2998
2998
2998
3000
2998
2999
3099
2998
2999
2998
2998
3888
2998
2998
2998
4269
2998
2955
5000
2998
2998
2998
2998
2998
2998
2998
2888
3000
2999
3000
3000
2888
2998
3333
3333
3100
2998
3000
2998
3100
3100
3300
3100
2850
3333
3333
2900
2950
2998
2999
3000
3000
3100
3100
3100
3100
3100
3000
3000
3000
3000
3200
2890
3000
2999
2999
3333
3332
3333
3333
3333
3333
3333
3333
3333
3500
3500
3000
3333
2998
3050
3000
3000
3000
3000
3000
3000
3332
3000
2998
2990
2999
2997
2998
2998
3000
3000
3000
3000
3332
3100
3150
3200
3222
3289
3270
3200
3270
3270
3270
3333
3333
3333
3333
3333
3333
3333
3333
3333
3333
3333
3333
3333
3333
3333
3333
3333
3332
3332
3333
3333
3333
3333
3333
3333
3333
3333
3333
3333
3333
3333
3333
3333
3333
3333
3333
3333
3333
3333
3333
3333
3333
3333
3333
3275
3333
3300
3333
3333
4269
4200
4269
4444
4444
4444
7777
3333
7200
3333
2969
2999
3333
3333
3100
3180
3300
3250
3333
3333
3333
3333
3333
3275
3269
3300
3300
3333
3333
3333
3350
3333
3333
3500
3333
3500
3333
3333
3333
3355
3500
3500
3500
3333
3333
3500
3333
3333
3500
3500
3500
3500
3500
3500
3500
3500
3400
3400
3500
3777
3888
3888
3777
3939
3999
4000
4000
4444
4444
3700
3555
3555
3500
3600
3700
3600
4000
4444
4444
3600
3800
3700
3560
3500
3550
3560
3600
3500
3650
3675
3750
3775
3875
3890
3950
3950
3969
3975
3999
4000
4000
4000
4000
4200
4200
4099
4200
4443
4439
4439
4440
4443
4444
4444
4444
4444
4444
4444
4299
4392
4400
4333
4443
4400
4430
4099
4442
4444
600
4444
4222
3689
3698
4100
3700
3690
3499
3499
4444
3300
3300
3450
3339
3400
3499
3500
4050
3475
3600
3699
3750
3500
3100
3200
3220
3250
3500
3239
3300
3398
3399
3200
3454
3500
3500
3300
3400
3345
3500
3500
3400
3500
3500
3500
3500
3495
3550
3600
3666
3600
3700
3500
3500
3500
3500
3500
3700
3700
3777
3700
3800
3799
3800
3838
3850
3500
3799
3998
17777
3900
3945
4100
4000
4050
3950
4000
3999
4000
3999
4000
4111
4150
4250
4200
4999
4150
4180
5000
8600
4119
4125
4150
4170
4190
4199
4300
4380
4399
4399
4444
4444
4400
4444
4444
4444
4400
4370
4378
4378
7777
4300
4350
4325
4299
4369
4370
4380
4400
4399
4295
4444
4444
4444
4443
4400
4444
4444
4400
4444
4444
4444
4400
4444
4444
4444
4444
4444
4444
4444
4444
5000
4398
4399
4369
4399
4369
4366
4366
4399
4400
4400
4400
4999
4400
4400
4900
7777
4400
6666
4375
4300
4400
4350
4390
4400
4500
4400
4400
4400
4400
4400
4400
4444
4444
4444
4444
4444
4444
4444
4444
4444
4444
4444
4444
4444
4444
4444
4500
4500
4500
4500
4500
4500
4500
4500
4500
4500
4500
4600
4720
4750
4800
4800
4888
4900
4900
5000
4900
4938
4800
4950
4940
4949
4935
4950
4994
6000
5000
5000
4769
4700
4555
4600
4000
4000
4555
25000
4450
4870
4545
4545
4555
4500
6500
7777
8500
7777
8420
7999
4545
7500
4550
4550
4550
4550
4555
4800
4800
4700
4800
4800
4800
4800
4800
4890
4890
4930
4948
4949
4950
4950
4950
4950
4950
4920
4920
4800
4550
4555
4555
4750
4750
4750
4750
4750
4750
4700
4700
4750
4950
4993
5000
4950
5000
5000
4750
4750
5000
4920
4750
4750
5333
4888
5555
6000
5900
6666
10000
4900
4920
5990
7777
5500
4999
5990
4880
4880
4880
4890
5555
4880
4880
4899
4900
4920
4920
4920
4920
4910
4900
4950
4920
4950
4920
4950
5150
7777
8888
4920
4950
5000
4950
4920
4920
4950
4950
6590
6450
6000
6000
5999
4950
5750
4900
4915
4950
4999
5000
5000
5000
5000
5000
5000
5000
7777
4950
5000
5000
5200
5200
5260
5288
5315
5344
6555
5350
5500
5500
5500
5500
5500
7999
5500
5555
5555
5555
5900
5750
5480
5750
5750
5800
5888
5788
5780
5850
5700
5700
5700
5700
5600
5426
5450
5550
5555
5555
5370
5360
5380
6145
5700
5380
5390
5588
5588
5588
5588
5588
5588
5588
5588
5588
5588
5588
5588
5588
5588
5588
5588
5600
5640
5644
5700
5740
5780
5788
5788
5788
5888
5888
5888
5888
6000
5999
5945
6000
6000
6000
6000
5888
5888
5888
5888
5888
5888
5888
5888
5888
5888
5888
5888
5888
6000
6111
6350
6360
6450
5777
6590
6599
6450
5888
5700
5700
5888
5888
9800
6450
5700
5878
6665
6500
6450
6111
6459
6490
7800
6200
6500
6666
5650
6500
6200
6600
6666
6666
18888
6688
6688
6688
7400
6666
6640
6666
6670
6650
6666
6625
6688
6688
8888
6688
6666
9459
6600
6630
6550
6650
6600
6688
6550
6500
6650
6500
6650
6390
6400
6390
6350
6360
6370
6400
6485
6427
6688
6415
6410
6410
6425
6411
6420
6450
6399
6490
6400
6399
6399
6399
6455
17500
6330
6400
6800
6299
19999
6500
6330
6250
6500
6180
6200
6300
16000
6200
6200
6250
8888
6250
6200
6200
8800
6250
6240
6240
6240
6255
6249
6250
6300
6333
6349
6350
6100
6200
6145
6145
6050
6050
6100
6100
6100
6100
6100
6100
6140
6145
6145
6145
6145
6145
6145
6145
6145
6145
6145
6145
6145
6145
6145
6145
6145
6145
6144
6150
6145
6199
12500
6199
6248
8500
6240
6248
6248
6248
6248
6247
6247
6247
6247
6400
6200
6247
7777
7777
7777
6199
6199
6199
6199
6180
6199
6199
6323
6300
6247
6247
6240
6240
6245
6245
6248
6243
7777
7777
6300
6230
6240
6244
6245
6245
6248
6248
6248
6249
6300
7698
7777
6350
6399
6399
6350
6380
6399
9999
6400
6360
6400
6500
7777
9999
12222
6409
6411
6450
6450
6499
6499
6500
6500
6500
6500
6500
6500
6529
6500
6500
6500
6540
6550
6555
14000
6700
8500
6700
6599
6600
6640
6942
6969
6895
6999
6969
6969
6600
6700
6969
6969
6969
6969
6969
6969
6700
6750
6700
6800
6700
7777
6699
6888
6900
6969
6980
6999
6999
7000
7000
7000
7000
7100
6500
6500
6500
7100
7100
7200
6500
6499
6500
6500
6599
6600
6666
6666
7100
7100
7000
7000
7100
7000
7025
7000
7001
7025
7050
7050
7098
7058
7055
7088
7050
7050
7050
7087
7088
7098
7098
7098
7098
7098
7098
7099
7100
7100
7100
7099
7150
7100
7100
7100
7100
7100
7400
7666
7101
7188
7111
7115
7100
7050
7098
7500
7188
7050
7020
6999
7100
7777
7050
7000
7200
7188
7120
7050
7000
7100
7100
19819
7111
7000
6996
7000
7188
7000
7000
6999
7000
7000
6900
6900
6850
6900
6910
7000
7000
6900
6999
6600
6888
6950
6979
7000
7000
7000
7050
6699
6666
6666
6666
6666
6666
6666
6666
6700
6985
6695
6700
6780
6860
6850
6875
6887
7100
6599
20888
6666
6666
6666
6666
6666
6666
6666
6655
6666
6500
6400
6420
6100
6900
6800
5900
5500
5555
6150
5379
5379
5380
5399
5400
5500
5500
5500
5500
5500
5500
5755
5999
5999
6000
6040
6050
6145
6145
6150
6150
6150
5998
5998
6000
5300
5930
6100
6150
6150
5888
6150
6150
6150
6150
6150
6150
6150
6150
6150
6150
6150
6150
6150
6150
6150
6150
6150
6150
6150
6150
6150
6150
6150
6150
6150
5100
5469
6152
6069
6130
5850
5930
5999
6988
6100
5999
6000
5999
6199
6200
6499
7999
5800
8000
5800
5850
6000
6000
5895
6100
6000
6000
6000
6100
6149
6180
6000
6666
5999
6300
5999
6200
6550
6900
6500
6500
6450
6500
9250
6400
6640
6969
6300
6400
6490
6490
6490
6500
6500
6500
6977
6500
6550
6550
6567
6590
9000
6500
6500
6500
6500
6500
6500
6500
6500
6666
6888
8888
6988
8750
6988
6988
6888
6599
6800
6599
6500
6500
6500
6500
6500
6699
6789
6666
6700
6700
6666
6666
6666
6500
6666
6660
6500
6550
6666
6660
6660
6660
6660
6400
6398
6450
6497
6398
6398
6399
6425
55000
6500
6500
6500
6600
6666
6999
6666
8000
6666
6999
6999
6300
6200
6469
6799
6800
6666
6789
6599
6606
6660
6600
6777
6700
6800
6400
6600
6499
6250
6200
7000
6750
6999
6200
6100
6100
6300
5900
5999
5200
5100
5100
5500
5500
5990
5700
5701
5500
5500
5800
5700
5735
5600
5600
6600
5600
5900
19999
20000
5900
5500
5500
5400
5399
6200
5400
5400
5300
5299
5000
5350
5400
5900
19500
10240
5200
5300
5400
5555
5999
5999
6400
5555
5555
5169
5600
5600
5555
5200
5200
5200
5200
5200
5100
5000
5000
5000
5000
5000
5100
5000
4999
5000
5200
25000
5150
5600
5799
5555
5554
5505
5899
5799
5485
5489
5494
5495
5495
5500
5800
5200
5500
7000
5875
5590
5600
7200
5700
5757
5800
5800
5959
1522
1522
5600
5000
5400
5050
5000
5088
5071
5100
5200
5200
5500
5495
5350
5499
5490
5650
5999
5100
5100
5100
7777
6950
5000
4000
6950
5000
5100
5100
5100
5100
5500
5555
5000
5300
5100
5999
5000
4800
4800
5250
5999
4800
4800
4800
5000
5000
4999
5000
5000
5200
5300
5800
5300
5300
5300
5289
5300
5300
5300
5300
5300
8500
6269
8500
5699
5650
5800
5800
5699
5800
5500
5721
5800
5500
5500
5987
5989
5995
5988
6100
5999
5999
5999
6085
5987
6000
5989
5955
9669
5955
6268
6999
6268
6268
6250
6268
5900
6098
6000
6098
6100
8450
6200
5745
5750
5700
6250
5700
5898
5898
5999
5898
5899
6000
6000
6000
6000
6050
6150
6268
6268
2555
6000
6100
6250
6250
6250
6250
6250
6260
6268
6268
6268
6268
6400
5999
5949
6500
6150
6200
6268
5800
5750
5750
5900
6169
6169
5869
5890
6000
5990
5890
5990
5999
5749
5699
5450
5600
5699
5749
5749
5749
5749
5999
6000
6000
6000
6100
6199
6199
6150
6200
6000
5700
6000
6100
6233
6660
6155
5960
6420
6200
5550
6100
5100
5099
5100
6500
5000
5100
5300
5150
5100
5150
5700
5090
5250
5300
5300
5900
5200
5400
5100
5100
5400
5790
5800
5820
5820
5820
5825
5825
5900
5900
6350
6350
6350
6350
6350
6000
6048
6050
6100
6198
6200
6200
6210
6249
6268
6069
6139
6400
6200
6369
7098
6140
5959
6000
6000
6400
5999
5600
5700
7776
5500
5790
5799
5950
6200
6000
5950
6250
7000
6000
5777
5588
5588
5980
6069
6900
5500
5800
5600
5888
5899
7000
5899
6198
6200
5959
5998
5999
5555
5450
5000
5500
5100
5222
5569
5380
5400
5500
5500
5419
5450
5450
5649
5649
5300
5649
5649
5649
5649
5649
5649
5649
5649
5649
5150
5700
5599
4990
4990
4900
4900
4900
5595
4900
5400
5400
6888
5300
4999
5200
5400
6100
5400
5400
6100
5200
5430
5399
5400
5600
6888
6500
7998
6000
6000
4700
5200
5200
4900
5200
5200
4800
4850
4200
4200
3999
3999
4200
4699
4690
4500
4500
4549
4700
4690
3900
4300
3400
3300
3400
3400
3500
3500
3500
3499
3500
3500
3500
3500
3500
3500
3500
3500
3500
3500
3500
3500
3500
3500
3500
3500
3500
3500
3500
3500
3500
3500
3500
3500
5000
3950
3999
3999
4390
5700
3990
3800
4500
5000
3599
3999
4550
3397
3100
3100
3200
3300
3398
3399
3900
3650
7400
3999
3699
3900
3900
3900
3900
3900
3900
3950
3999
4444
4000
4000
4175
4185
4195
4200
3888
4050
4140
4140
4140
4140
3499
3888
3888
3850
4250
3888
3888
3710
3699
4000
4000
4400
3200
3300
3200
3500
3333
3300
3333
3333
3333
3333
3333
3333
3900
3850
3850
25000
10200
3498
3500
3500
3500
5555
3200
2999
3400
5555
3450
3250
3100
3100
3450
6336
3100
3300
3200
3350
3400
3434
3445
3445
3445
3450
3450
3450
3450
3450
3500
3700
3700
3500
3400
3500
3700
3500
4000
3650
3700
3800
3600
3600
3500
3600
3600
3600
3600
3600
3600
3600
3600
3400
3500
3800
12500
3700
3700
3650
3600
3700
3700
4500
3700
3700
3700
3700
3700
3500
3500
3499
3455
2900
3300
3300
3300
3300
3300
3300
3950
3000
3000
3150
4348
4348
4348
3000
3050
3050
3050
4348
4348
3148
3149
3200
3250
3777
3777
3777
3100
3100
3125
3199
3777
3000
3450
3777
3777
3777
3777
3777
3777
3777
3777
3777
3777
3777
3555
4950
4950
3588
3588
3588
3948
3948
3948
3741
3600
3500
3688
3550
3550
3599
3550
3553
3553
3488
3488
3488
3450
3450
3488
3488
3488
3488
3488
3488
3488
3488
3488
3488
3488
3488
3498
4444
3550
4000
3499
3553
3553
3553
3553
3553
3554
4050
4444
3900
4150
3553
3650
3942
4000
4100
3900
4250
3900
3200
3200
3500
3369
3500
3500
4100
3500
3150
3100
3400
3750
4787
3799
4140
3400
4140
3750
3700
3400
3200
3480
3400
3695
3696
3700
3670
3600
4500
5555
3900
3900
3700
3720
3600
3700
3500
2999
3670
3650
3700
3700
3730
4000
5500
5500
4899
3797
3800
3855
3400
3700
5800
3700
3700
3800
3500
3600
3650
3600
3600
2900
2900
3450
3000
2950
2950
3100
3150
3100
3410
4000
3400
3410
3385
4000
3409
5000
6000
2800
2850
3300
2900
2800
3000
3290
3300
3379
2992
2992
3230
3240
3290
3250
3250
3279
3280
3345
3355
3350
3350
3300
3360
3385
3385
3499
3380
3385
3385
3385
3385
3500
4000
3385
3385
3385
3410
3750
3500
3500
3498
3480
3498
3500
3600
3480
3499
3500
3560
3995
4399
3800
5999
5298
4800
3560
3500
3500
3400
3400
2800
3900
3569
3800
3800
3800
3990
3850
4400
3993
3600
3600
4000
2800
2900
4769
3490
3333
3333
3490
3600
4000
3500
3480
3580
3500
3495
3450
3500
3400
4125
3094
3000
3000
3000
2998
3000
3050
3096
3100
3096
3090
3096
3095
2900
2900
2900
2929
2500
2669
2725
2900
2800
2555
2600
2920
2530
2500
2569
2600
2726
2900
2800
2800
2917
3080
3092
3093
3096
3096
3096
3096
3096
3096
3096
3100
3100
3100
3100
3100
3100
3100
2969
3020
3040
3050
3050
3050
3050
3100
3200
3200
3200
3390
10000
4499
3200
3350
3350
3131
3175
2998
2999
3000
3000
2800
2800
2800
2800
2800
2800
3000
2869
2999
2999
2999
4888
2998
2750
2800
2800
2850
2890
2899
2900
2800
2785
2785
2785
2797
2798
2.75
2800
2799
2700
2650
2700
2740
3000
2699
2700
2750
2499
2500
2495
2200
2200
2200
2400
2400
2400
2400
2350
2300
2350
2300
2399
2399
2399
2399
2399
2399
2350
2399
2399
2399
2399
2399
2450
2500
2500
2500
2500
2720
2740
2700
3800
2536
2536
2800
2769
2650
2790
2790
2790
2200
2650
2680
2666
2700
2750
2750
2555
2800
2898
2680
3210
2660
2666
3375
2640
2600
2700
3000
2500
2500
2606
2598
2560
2500
3888
2550
7999
3400
2550
2490
2490
2700
2470
2540
2600
2540
2469
2470
2470
2470
2480
2485
2540
2400
2500
2598
2469
2500
2469
2380
2390
4888
3333
2899
2350
2350
2400
2400
2370
2355
2655
2400
2360
2360
2360
2400
4500
2300
2360
2299
2300
2300
2540
2300
2360
2360
2695
2530
2566
2700
2500
2550
2300
2300
2300
2150
2150
2128
2125
2000
2100
2150
2150
2200
2150
2300
2400
2400
2400
2350
2350
3499
2340
2348
2340
2350
2340
2350
2200
2300
2300
2349
2350
2300
2350
2100
3495
2200
2100
2100
2100
2200
2300
2345
2350
2350
2500
2650
2350
2495
2300
2662
2662
2662
2662
2662
4250
2662
2662
2662
2662
2650
2600
2440
2450
2550
2650
12344
2999
4000
2662
2665
2300
2650
2300
2300
2300
2300
2300
2400
2450
2450
2300
2332
2332
2332
2332
2450
2552
2552
2552
2552
2552
2552
2552
2552
2332
2777
2600
2649
2699
2333
2400
2200
2400
2400
2400
2400
2400
2400
2400
2400
2400
2400
2400
2400
2400
2400
2400
2400
2400
2400
2400
2400
2400
2300
2300
2370
2399
2380
2375
2375
2400
2400
2400
2400
2445
2450
2400
2450
2400
2400
2400
2400
2400
2400
2400
2400
2400
2400
2400
2400
2400
2400
2400
2452
2450
2300
2300
2350
2450
2425
2450
2399
2100
2150
2200
2300
2000
2200
2000
1999
1999
2000
2000
2275
2250
2909
2249
2069
2150
2175
2200
2200
2200
2599
2500
2350
2260
2200
2600
2699
2700
2700
2750
2766
2788
2788
2888
2978
2999
3000
3000
3030
2600
2750
2000
2199
2400
2169
2150
2169
2000
2000
2850
2000
2000
2198
2100
2350
2050
2200
2200
2200
2200
2200
2200
2200
2269
2200
2222
2349
2300
2323
2350
2000
2319
2500
2200
2000
2600
2700
2300
2480
2049
1999
2000
2050
2650
2200
2200
2200
2200
2200
2270
2288
2288
2288
2288
2288
2288
2288
1900
1911
2200
2287
2555
2777
1800
2000
2150
2150
2149
2149
2149
2245
2250
2150
2200
2200
2250
2287
2288
2280
3333
2040
2100
2175
2169
1990
1990
2200
2000
1997
2098
2200
2199
1999
2049
2050
2199
2100
2200
2200
2200
2200
2200
2200
2200
2200
2200
2200
2200
2200
2200
2400
2000
2199
2199
2200
2200
2200
2200
2200
2200
2200
2200
2200
2200
2200
2200
2200
2200
2200
2199
2199
2199
2200
2200
2200
2295
2300
2230
2222
2230
2238
2300
2490
2350
2238
2288
2400
2470
2495
2500
1950
1950
1950
1950
1950
4444
2900
1940
1900
2499
1947
3069
1800
1899
1900
1900
1940
1945
1946
2100
2777
2800
2100
2100
2200
2190
2190
2190
2198
1952
2399
1927
2222
1928
2222
1850
2100
2100
1700
1750
1799
2150
1890
1860
1850
1870
1890
1880
1895
1899
1990
1990
1990
1950
1910
1915
2100
2100
1950
1950
1950
1950
1950
1999
1875
1875
2100
1879
2100
2100
2050
2499
2000
1885
1800
1885
1999
1800
1799
1800
1800
1800
1810
1800
1800
1750
1700
1750
1750
1750
1750
1750
1750
1750
1750
1750
1750
1850
1859
1875
1875
1875
1980
1992
1994
1985
2200
1800
1795
1795
1795
1775
1795
2100
1650
1650
1650
1650
1700
1650
1584
1575
1700
1700
1600
1580
1584
1584
1700
1700
1584
1700
1400
1490
1480
1300
1500
1500
1500
1500
1500
1500
1500
1500
1500
1500
1500
1700
1550
1555
1617
1500
1234
1234
1234
1234
1234
1234
1234
1300
1350
1680
2142
2222
1700
3474
2100
1350
1425
2111
1500
1399
1399
1399
1399
1299
1348
1350
999
999
1399
1346
1332
1332
1200
1000
1000
1000
1000
1200
1200
1200
1200
1150
3142
1180
1000
1200
1200
1185
1200
1350
1199
1200
1200
1100
1000
1100
1055
1055
1055
1055
1055
1170
1165
1200
1100
999
1150
1169
1555
1111
1050
1111
1050
1040
1050
1050
1050
1110
990
990
999
900
975
1000
950
950
950
1150
1000
1000
1000
998.99
1050
1000
1111
1111
1200
1099
1200
1150
1150
1000
1000
1000
1000
1099
1099
1099
1088
1088
1199
1199
1200
1205
1297
1298
1299
1333
1339
1347
1450
1450
1450
1469
1470
1499
1300
1320
1398
1320
1320
1300
1320
1320
1320
1320
1320
1320
1320
1345
1349
1350
1350
1350
1375
1397
1398
1400
1399
1400
1400
1400
1399
1400
1421
1450
1460
1460
1500
1400
135
1250
1119
1400
1280
1300
1350
1460
1475
1469
1375
1400
1575
1480
1479
1525
1525
1490
1675
1675
1675
1675
1675
1675
1675
1675
1500
1500
1435
1350
1350
1350
1350
1350
1400
1750
7000
1900
1455
1450
1450
1450
1450
1400
1399
1850
1850
1550
1299
1420
1350
1400
1700
1449
1250
1350
1303
1320
1320
1350
1350
1350
1260
1260
1275
1275
1275
1275
1250
1250
1305
1380
1400
1400
1400
1350
1449
1569
1490
1449
1350
1422
1470
1599
1550
1390
1680
1650
1700
1675
1650
1625
1600
1649
1650
1700
1700
1700
1700
2000
2000
1899
1850
1769
1850
1700
1984
1999
2000
2000
2039
2000
2000
2000
2000
2000
2000
1750
2050
2050
2050
2050
2000
1950
2200
2222
2200
2100
1850
1999
1820
1600
1590
1600
1515
1299
1299
1299
1299
1400
1333
1299
1300
1212
1111
1000
1000
1000
1000
1000
1000
1000
1000
1000
1000
1000
1000
1000
1000
1000
1000
1000
1000
1000
1000
1000
1000
1000
1000
1000
1000
1000
1000
1000
1000
1000
1000
1000
1000
1000
1000
1000
1000
1000
1000
1000
1000
1000
1000
1000
1000
1000
1000
1000
1000
1000
1000
1000
1000
1000
1000
1000
1000
1199
1199
1199
1200
1244
1325
1280
1290
1299
1299
1325
1325
1325
1325
1325
1325
999
1200
1200
1150
1290
1290
1180
1100
1800
