4000
3000
4500
4000
3000
2800
2910
2690
4000
3500
2200
3150
2500
2500
3777
3700
6969
2969
3111
3333
3750
4250
2900
4575
7777
3222
4500
5000
6000
6666
6500
6000
4750
3600
4785
2699
2800
2800
2850
2850
2950
2975
3250
3050
3350
2999
2999
3000
3100
3350
4500
4550
3800
3850
4000
3500
3999
5000
2900
3150
3050
3050
3100
3142
3145
3150
3150
3155
3175
3195
3200
3200
3220
3225
7777
3355
3275
3500
5500
3222
3250
3300
3333
3345
3350
3350
3350
3350
3350
3350
24999
3250
3350
3350
3350
3350
3350
3360
3888
3399
3400
3400
3400
3400
3400
3400
3425
3444
3450
3450
3450
3450
3450
3450
3500
3500
3500
3533
3469
3500
3525
3525
3550
3555
3555
3555
3569
3569
3575
3600
3600
3650
3650
3650
3655
3666
3690
3700
3750
3745
3750
3600
3669
3750
3745
3750
3725
3750
3750
5500
4200
3750
3750
3750
3769
3777
3800
3800
3825
3850
3850
3899
6500
3950
4350
4950
4000
4000
4200
4250
4000
4350
4000
4550
4650
5150
10000
4444
4111
4250
4777
5000
6500
5500
3955
4075
3900
3900
3949
3950
3950
3950
3950
3955
3955
3969
3975
3975
3999
3999
4000
4000
4000
6000
4150
4350
4450
4000
4025
4500
4150
4250
4200
4225
5050
7750
15000
8900
4300
4975
5375
4242
4020
4050
4055
4055
4055
4066
4069
4575
4750
4755
4775
5750
5800
4444
4700
6500
6250
4150
4250
4350
4750
5000
5450
5420
6500
6000
4100
4100
14000
5250
3998
4300
4450
4500
5000
5000
5225
5445
4150
7000
7000
4100
4500
5000
5175
4090
4200
4210
4333
4950
5000
5200
3850
3950
4330
5350
6500
6500
7000
7950
4150
4199
4255
4269
4750
4750
4175
4000
4105
4150
4100
4175
4200
4200
4200
4205
4233
4250
4300
4300
4300
4325
4325
4375
4215
5150
5450
5500
4250
4250
4250
4275
4275
4325
4350
4350
6000
4500
4750
4700
4745
4750
4799
4800
4800
4850
4900
4900
4990
5000
6100
4999
5000
5000
5000
5000
5000
5000
5000
5025
5030
5033
5050
5050
5075
5075
5075
5099
5100
5100
5100
5125
5150
5175
5175
5199
5200
5250
5250
5250
5300
5300
5300
5375
5395
5400
5400
5421
5500
5500
5500
5500
5500
5500
5500
5600
5700
5700
5700
5750
5750
5750
5750
5750
5800
6000
6000
6000
6000
6000
6000
6000
6000
6025
6050
6050
6075
6100
8500
6175
6099
6100
6100
6100
6100
6125
6130
6150
6150
6169
6175
6185
6200
6200
6200
6210
6215
6220
6225
6250
10000
8000
6250
6250
6270
6275
6290
6290
6299
6300
6300
6300
6300
6300
6300
6333
6399
7600
6350
6370
6375
6399
6400
6400
6400
6400
6400
6420
6450
6450
6450
6500
6500
6500
6500
6500
6500
6500
6500
6550
6600
6650
6650
7500
6900
6700
18750
7095
6700
6700
6700
6700
6750
6750
6769
6800
6800
6800
6800
6850
6850
6900
6900
6900
6900
6900
6900
6900
6950
6969
6969
6975
7400
8000
7000
7000
10000
7225
7000
9000
8000
7225
7230
7235
7275
7300
7300
7300
7333
7350
7350
7375
7400
7400
7444
7450
6975
6999
7000
7000
7000
7000
7000
7025
7025
7050
7100
7100
7100
7120
7125
7125
7125
7125
7150
7150
7155
7170
7175
7175
7180
7190
7195
7199
7200
7200
9000
7500
7400
7444
7456
7100
7325
7493
7495
7500
7500
7500
7500
7500
7500
7500
7500
7510
7555
7569
7575
7575
7600
7600
7600
7666
7700
7750
7777
7777
7800
7800
7800
7800
7500
7800
7805
7888
7999
8000
8000
8000
8000
8000
8000
8000
8000
8025
8100
8100
8111
8125
8135
8145
8150
17000
9000
8150
8200
8222
8225
8245
8275
8299
8300
8325
8350
8369
8399
8425
8435
8499
8500
8500
8500
8500
8535
8575
8600
8635
8650
8699
8750
8799
8900
8999
18099
9000
10350
8750
9000
9000
9000
9100
9125
9135
9150
9155
9165
9195
9200
9222
9225
9333
10475
9265
9325
9335
9345
9395
9444
9465
9495
9499
9500
9555
9585
9666
9750
9777
9888
9899
10000
10500
10000
10000
10000
10001
10099
10111
10125
10199
10199
10200
10220
10222
10300
10300
10450
10475
10500
10500
10525
10550
10555
10600
10600
10700
10750
10800
10850
10900
16000
12000
12000
12150
17000
12000
15000
22500
12999
12170
12155
12350
12369
12370
12400
12450
12475
12550
12740
12850
12900
12950
12999
15000
13000
13000
13000
13000
13050
13075
13125
13250
13275
13300
13500
13500
13750
13850
14000
14000
17000
16000
14095
14199
14300
15000
15050
15075
15095
15100
15150
15175
15200
15250
15250
15300
15300
15300
15350
15369
15369
15399
15400
15444
15445
15450
18500
15700
15550
15600
15600
15600
15600
15650
15675
15750
15775
15777
15800
15800
15825
15850
15875
15900
15975
15999
15950
16000
16000
16050
16075
16075
16100
16100
16200
16200
16250
16300
16300
16300
16400
16421
16500
16700
16950
16999
17000
17000
17100
17100
17150
17200
17250
17300
17300
17400
17500
17550
17575
17600
17700
17950
17999
18000
18050
15151
16700
17299
14990
15000
10655
10500
11650
11800
12177
12105
12000
12000
12000
12000
12250
12300
12650
11887
11888
11899
11900
11950
12000
12455
12500
13200
13223
13421
13800
1969
14000
13855
14300
19000
14122
10000
12369
13000
13900
17000
14000
13000
13950
13950
14000
14170
14000
13900
13999
14250
13900
13500
13950
15000
14199
14250
1200
12000
12500
14400
24000
14300
14350
14800
14444
14450
15500
16000
16998
17999
18300
17999
27500
17000
17810
18500
1750
15000
16500
16999
17500
17775
18000
18075
18400
19000
17500
17890
17999
16500
17998
16850
17500
17000
17840
78000
18000
18300
20202
17800
18050
18000
18250
19000
19000
18750
18750
28880
21500
18500
16420
18350
18000
18349
18420
18425
18750
19150
19500
19075
16900
17250
18650
16500
15999
17800
10000
14694
9999
11111
11999
11000
12500
13000
13500
1450
20000
14555
14999
15998
16000
20000
16000
19050
15000
15799
14900
14500
13000
3999
13998
10000
10000
18000
13790
13600
13300
13269
13100
8000
13679
12499
12500
13200
9999
12999
11500
13240
13250
12500
14500
12700
13000
15669
11500
14899
19420
1400
14000
12000
16000
11950
11400
11400
11500
11999
26000
15999
12000
14000
15250
13000
13999
15000
11111
9999
11111
14000
8350
8999
14000
12099
11111
9999
10400
8000
7325
8666
8500
7900
5000
5000
18000
5000
16750
16000
15889
15500
15000
7500
6900
6995
13500
8400
8500
6400
9500
8100
7600
7000
13000
7500
7350
7300
7500
6300
8500
7500
6500
8999
6250
7350
7500
8000
5700
5800
7350
25000
15200
6499
12000
7400
6750
8000
7282
9969
10000
9900
10000
19300
18500
18500
19000
10500
20000
19250
11000
13500
10000
12500
13000
18950
12000
19999
14000
9000
11500
10900
9999
8400
7000
9000
9999
19400
11000
8900
7900
7550
21400
1500
